0 0.044318 0.392941 0.028636 0.058824
0 0.045682 0.558824 0.028636 0.058824
0 0.044773 0.731765 0.028636 0.058824
0 0.044773 0.878235 0.028636 0.058824
1 0.163864 0.407647 0.223182 0.107059
2 0.389773 0.426765 0.225909 0.081765
3 0.611136 0.431765 0.224091 0.092941
4 0.836591 0.382353 0.223182 0.165882
5 0.162500 0.582353 0.222273 0.071765
6 0.387273 0.573529 0.225455 0.094118
7 0.610227 0.592941 0.223182 0.092941
8 0.836591 0.547647 0.225000 0.145882
9 0.161818 0.768235 0.225455 0.069412
10 0.388636 0.755000 0.220000 0.064118
11 0.610000 0.749706 0.216364 0.137059
12 0.837727 0.723529 0.227273 0.118824
