0 0.046364 0.394118 0.040000 0.061176
0 0.047273 0.557647 0.040000 0.061176
0 0.047273 0.727647 0.040000 0.061176
0 0.047273 0.880588 0.040000 0.061176
1 0.162045 0.432647 0.225000 0.041765
2 0.386591 0.428529 0.220455 0.062941
3 0.611591 0.424706 0.221364 0.060000
4 0.836591 0.419118 0.225000 0.061765
5 0.163864 0.585588 0.225000 0.062941
6 0.388182 0.603235 0.220909 0.074706
7 0.611136 0.595882 0.224091 0.083529
8 0.837273 0.591471 0.230000 0.064118
9 0.158409 0.758824 0.230455 0.071765
10 0.387273 0.762647 0.223636 0.055882
11 0.610909 0.752059 0.221818 0.087647
12 0.837727 0.760588 0.223636 0.068235
