0 0.045248 0.108658 0.026830 0.080519
0 0.045703 0.350216 0.026830 0.080519
0 0.046612 0.595238 0.026830 0.080519
0 0.046612 0.820346 0.026830 0.080519
1 0.162801 0.123810 0.218281 0.143723
2 0.389040 0.129870 0.220555 0.155844
3 0.610960 0.140693 0.214188 0.189610
4 0.838563 0.142424 0.223738 0.245022
5 0.164393 0.388745 0.217826 0.218182
6 0.389495 0.390909 0.219645 0.222511
7 0.613006 0.410823 0.218281 0.262338
8 0.841519 0.402165 0.226921 0.236364
9 0.164393 0.650649 0.221464 0.220779
10 0.388358 0.636797 0.219191 0.236364
11 0.612324 0.664502 0.219645 0.257143
12 0.839472 0.650216 0.222829 0.221645
