0 0.045909 0.394706 0.025455 0.062353
0 0.045455 0.559412 0.025455 0.062353
0 0.045909 0.728235 0.025455 0.062353
0 0.045000 0.882353 0.025455 0.062353
1 0.160909 0.430000 0.223636 0.068235
2 0.388409 0.432059 0.221364 0.066471
3 0.610000 0.432647 0.218182 0.065294
4 0.835227 0.407941 0.235909 0.091176
5 0.160455 0.582647 0.221818 0.077059
6 0.387273 0.599412 0.220909 0.056471
7 0.612045 0.596176 0.220455 0.065294
8 0.836591 0.579412 0.233182 0.082353
9 0.163409 0.755000 0.222273 0.068824
10 0.387273 0.750294 0.220909 0.080588
11 0.611136 0.762059 0.224091 0.070000
12 0.841818 0.751176 0.237273 0.084706
