0 0.046364 0.394706 0.026364 0.062353
0 0.044091 0.567647 0.026364 0.062353
0 0.044545 0.728235 0.026364 0.062353
0 0.045909 0.878824 0.026364 0.062353
1 0.163864 0.414118 0.221364 0.081176
2 0.389773 0.435294 0.222273 0.062353
3 0.612273 0.433824 0.219091 0.065294
4 0.837273 0.417059 0.226364 0.096471
5 0.160455 0.580294 0.222727 0.080588
6 0.389318 0.593529 0.219545 0.065882
7 0.611818 0.596176 0.220000 0.107647
8 0.837727 0.583235 0.225455 0.088824
9 0.160455 0.758824 0.222727 0.054118
10 0.385227 0.755000 0.213182 0.077059
11 0.611591 0.759118 0.215000 0.087647
12 0.839318 0.745000 0.225909 0.099412
