0 0.167575 0.424969 0.021271 0.038605
0 0.167185 0.539384 0.020493 0.043898
0 0.167964 0.653798 0.020493 0.036737
0 0.167575 0.758406 0.023346 0.046077
1 0.251232 0.440691 0.163684 0.048257
2 0.417121 0.452522 0.155642 0.065691
3 0.583009 0.449875 0.160052 0.057908
4 0.749027 0.444894 0.162646 0.061021
5 0.253826 0.551214 0.163684 0.067559
6 0.417121 0.553394 0.162905 0.065691
7 0.582101 0.559309 0.158236 0.064446
8 0.748119 0.547945 0.168093 0.074097
9 0.249935 0.674191 0.169909 0.049502
10 0.418418 0.677304 0.158236 0.055729
11 0.585733 0.679016 0.161868 0.075965
12 0.749805 0.655355 0.169909 0.078456
