0 0.046136 0.392941 0.024091 0.056471
0 0.046136 0.561176 0.024091 0.056471
0 0.046136 0.727647 0.024091 0.056471
0 0.046136 0.881176 0.024091 0.056471
1 0.164318 0.403824 0.224091 0.110000
2 0.388409 0.428235 0.223182 0.080000
3 0.612500 0.428529 0.219545 0.078235
4 0.836364 0.399412 0.226364 0.114118
5 0.165000 0.572647 0.217273 0.097059
6 0.388182 0.582353 0.223636 0.082353
7 0.614091 0.560294 0.218182 0.126471
8 0.836591 0.575588 0.225000 0.098235
9 0.161818 0.762647 0.225455 0.053529
10 0.388864 0.765882 0.220455 0.081176
11 0.612955 0.730588 0.220455 0.115294
12 0.837273 0.743824 0.221818 0.080588
