0 0.046818 0.394412 0.025455 0.064118
0 0.045909 0.563824 0.025455 0.064118
0 0.046818 0.730882 0.025455 0.064118
0 0.046818 0.881471 0.025455 0.064118
1 0.162955 0.415882 0.227727 0.070588
2 0.387727 0.431471 0.216364 0.060588
3 0.610000 0.447647 0.218182 0.097647
4 0.837955 0.405882 0.223182 0.124706
5 0.167045 0.581176 0.216818 0.092941
6 0.389091 0.596765 0.219091 0.061765
7 0.611818 0.611765 0.218182 0.112941
8 0.837273 0.564118 0.226364 0.121176
9 0.162045 0.751471 0.225000 0.075882
10 0.387273 0.750294 0.219091 0.070000
11 0.610455 0.753529 0.217273 0.105882
12 0.839091 0.737353 0.228182 0.114706
