0 0.046818 0.392353 0.030909 0.060000
0 0.045909 0.559412 0.030909 0.060000
0 0.047727 0.729412 0.030909 0.060000
0 0.046364 0.881176 0.030909 0.060000
1 0.160909 0.429412 0.225455 0.076471
2 0.386591 0.421176 0.220455 0.081176
3 0.610909 0.422059 0.218182 0.067647
4 0.839091 0.388824 0.226364 0.152941
5 0.163409 0.592059 0.225909 0.080588
6 0.387955 0.597647 0.222273 0.057647
7 0.611364 0.582353 0.220909 0.142353
8 0.837727 0.566471 0.223636 0.105882
9 0.164091 0.768235 0.225455 0.058824
10 0.387273 0.755294 0.219091 0.057647
11 0.609318 0.740000 0.223182 0.185882
12 0.838636 0.749706 0.227273 0.077059
