0 0.046364 0.394118 0.024545 0.061176
0 0.046364 0.561765 0.024545 0.061176
0 0.045455 0.727647 0.024545 0.061176
0 0.045455 0.877647 0.024545 0.061176
1 0.162045 0.419706 0.225000 0.073529
2 0.386818 0.430588 0.218182 0.067059
3 0.611364 0.428824 0.217273 0.075294
4 0.838182 0.424412 0.224545 0.145294
5 0.160455 0.587059 0.226364 0.091765
6 0.388636 0.584118 0.218182 0.068235
7 0.611591 0.611471 0.223182 0.112353
8 0.837500 0.572353 0.231364 0.130588
9 0.161818 0.747647 0.225455 0.081176
10 0.385682 0.749706 0.222273 0.092353
11 0.610455 0.779706 0.219091 0.152353
12 0.832273 0.739706 0.218182 0.101765
