0 0.115747 0.415544 0.027576 0.051213
0 0.115747 0.549416 0.027576 0.051213
0 0.115022 0.686433 0.027576 0.051213
0 0.115022 0.808625 0.027576 0.051213
1 0.212083 0.423181 0.189042 0.085355
2 0.405660 0.441824 0.185776 0.069632
3 0.594158 0.438679 0.183962 0.065139
4 0.784833 0.432839 0.194485 0.076819
5 0.214441 0.569182 0.186502 0.050314
6 0.405298 0.568509 0.185051 0.085804
7 0.593070 0.577718 0.183962 0.079964
8 0.784652 0.559973 0.197025 0.083109
9 0.212990 0.713612 0.189405 0.052561
10 0.405298 0.714061 0.181422 0.064241
11 0.593070 0.715184 0.178882 0.061995
12 0.785922 0.705076 0.190856 0.075921
