0 0.964193 0.109524 0.035156 0.090476
0 0.965495 0.344048 0.037760 0.088095
0 0.962891 0.563095 0.037760 0.111905
0 0.965495 0.803571 0.037760 0.088095
1 0.134115 0.129762 0.229167 0.121429
2 0.362630 0.133333 0.227865 0.128571
3 0.594401 0.138095 0.227865 0.128571
4 0.832682 0.177381 0.235677 0.207143
5 0.133464 0.364286 0.227865 0.133333
6 0.363932 0.373810 0.227865 0.133333
7 0.593750 0.415476 0.229167 0.226190
8 0.826172 0.397619 0.225260 0.176190
9 0.132812 0.602381 0.229167 0.138095
10 0.367188 0.601190 0.226562 0.135714
11 0.598307 0.645238 0.230469 0.233333
12 0.828776 0.601190 0.230469 0.145238
