0 0.045475 0.107732 0.024557 0.088619
0 0.045475 0.351868 0.024557 0.088619
0 0.045930 0.598610 0.024557 0.088619
0 0.045475 0.825369 0.024557 0.088619
1 0.162347 0.127715 0.217372 0.149435
2 0.389268 0.126846 0.217372 0.147698
3 0.611414 0.132059 0.215098 0.158123
4 0.841974 0.135534 0.226012 0.144222
5 0.163256 0.360990 0.219191 0.158992
6 0.387904 0.362728 0.218281 0.158992
7 0.613006 0.377932 0.216462 0.189401
8 0.836062 0.376629 0.220555 0.195482
9 0.163256 0.617289 0.219191 0.158992
10 0.387449 0.620330 0.217372 0.168549
11 0.612096 0.621633 0.217372 0.171156
12 0.839472 0.621199 0.222829 0.172024
