0 0.979420 0.155742 0.037060 0.076036
0 0.981470 0.414788 0.037060 0.076036
0 0.981470 0.679077 0.037060 0.076036
1 0.151080 0.161641 0.234979 0.153382
2 0.383693 0.164263 0.231825 0.161248
3 0.615518 0.160330 0.234979 0.174358
4 0.846554 0.159019 0.222362 0.171736
5 0.151080 0.434976 0.233402 0.191400
6 0.385665 0.428422 0.234190 0.191400
7 0.618672 0.414001 0.230248 0.178291
8 0.846554 0.417934 0.222362 0.128474
9 0.155023 0.688647 0.233402 0.116675
10 0.384876 0.683403 0.227882 0.106188
11 0.621826 0.695857 0.225516 0.125852
12 0.848525 0.683403 0.224728 0.116675
