0 0.045455 0.394118 0.028182 0.063529
0 0.046818 0.562941 0.028182 0.063529
0 0.045000 0.728235 0.028182 0.063529
0 0.045455 0.886471 0.028182 0.063529
1 0.157955 0.420882 0.227727 0.073529
2 0.386591 0.425000 0.220455 0.073529
3 0.611136 0.426471 0.222273 0.082353
4 0.844773 0.381765 0.241364 0.141176
5 0.163864 0.570000 0.221364 0.102353
6 0.388864 0.595588 0.222273 0.074706
7 0.610455 0.575882 0.222727 0.084706
8 0.836591 0.562647 0.239545 0.100588
9 0.163409 0.759412 0.225909 0.065882
10 0.389091 0.744412 0.219091 0.081765
11 0.606818 0.717059 0.224545 0.155294
12 0.842727 0.745000 0.233636 0.101765
