0 0.045682 0.394118 0.029545 0.064706
0 0.045682 0.562941 0.029545 0.064706
0 0.045682 0.729412 0.029545 0.064706
0 0.047045 0.881176 0.029545 0.064706
1 0.159545 0.416765 0.224545 0.078235
2 0.387273 0.421471 0.220909 0.064118
3 0.610682 0.424706 0.223182 0.072941
4 0.841818 0.418824 0.227273 0.092941
5 0.162500 0.595000 0.222273 0.054706
6 0.387727 0.586765 0.220000 0.062941
7 0.612045 0.587059 0.220455 0.078824
8 0.839773 0.585000 0.225000 0.092353
9 0.164773 0.762059 0.223182 0.054706
10 0.386818 0.763235 0.220000 0.062941
11 0.606364 0.760294 0.220000 0.062941
12 0.838182 0.749412 0.226364 0.082353
