0 0.045496 0.132566 0.026388 0.086104
0 0.045951 0.374680 0.026388 0.086104
0 0.046406 0.621057 0.026388 0.086104
0 0.046861 0.841006 0.026388 0.086104
1 0.161510 0.150469 0.218380 0.162830
2 0.388080 0.152600 0.213831 0.170503
3 0.613285 0.168798 0.216561 0.199488
4 0.842584 0.173061 0.226570 0.199488
5 0.162420 0.384058 0.217470 0.181586
6 0.387625 0.387042 0.212921 0.190963
7 0.614195 0.407502 0.216561 0.226769
8 0.841674 0.409633 0.222930 0.222506
9 0.164013 0.623188 0.220655 0.192668
10 0.387398 0.621057 0.217925 0.193521
11 0.613740 0.624467 0.217470 0.195226
12 0.840309 0.627451 0.226570 0.202899
