0 0.114620 0.413565 0.021396 0.051104
0 0.115639 0.549842 0.021396 0.051104
0 0.116658 0.684858 0.021396 0.051104
0 0.116658 0.809779 0.021396 0.051104
1 0.214722 0.432177 0.187978 0.055521
2 0.406521 0.433754 0.185430 0.061199
3 0.595262 0.448896 0.181864 0.058675
4 0.783749 0.422082 0.193072 0.084543
5 0.215232 0.568454 0.186959 0.064353
6 0.406775 0.569401 0.181864 0.057413
7 0.594498 0.605363 0.185430 0.129338
8 0.783240 0.556467 0.194091 0.085804
9 0.214213 0.707886 0.188996 0.045426
10 0.405756 0.705678 0.183902 0.061199
11 0.593734 0.722082 0.186959 0.085174
12 0.784259 0.703785 0.194091 0.076341
