0 0.167633 0.429565 0.023188 0.049275
0 0.167150 0.540580 0.023188 0.049275
0 0.166667 0.652754 0.023188 0.049275
0 0.169082 0.757391 0.023188 0.049275
1 0.249034 0.443478 0.164734 0.045217
2 0.419928 0.447826 0.153865 0.060290
3 0.583937 0.442899 0.152899 0.050435
4 0.747705 0.424638 0.160145 0.102029
5 0.251208 0.557391 0.161836 0.051594
6 0.419324 0.562174 0.156522 0.054783
7 0.581763 0.556667 0.157246 0.097681
8 0.750483 0.548696 0.161836 0.094493
9 0.251208 0.680290 0.161836 0.044058
10 0.417150 0.676522 0.159420 0.051594
11 0.581401 0.663043 0.156522 0.125507
12 0.752657 0.670580 0.168116 0.054783
