0 0.045866 0.394036 0.033320 0.057508
0 0.047511 0.561502 0.030029 0.062300
0 0.045866 0.729766 0.030029 0.062300
0 0.047100 0.878328 0.030029 0.062300
1 0.161868 0.405485 0.220074 0.095314
2 0.388523 0.421991 0.218429 0.080405
3 0.612505 0.427849 0.216372 0.068690
4 0.839367 0.402290 0.221719 0.113419
5 0.165158 0.576145 0.218429 0.083067
6 0.388729 0.591853 0.215549 0.068690
7 0.613328 0.600639 0.216372 0.122471
8 0.838338 0.573482 0.218017 0.116081
9 0.161868 0.755857 0.221719 0.068690
10 0.387495 0.747870 0.216372 0.082535
11 0.611682 0.736155 0.219663 0.133653
12 0.839778 0.740682 0.220897 0.099042
