0 0.047774 0.394558 0.027520 0.068027
0 0.046537 0.559024 0.029994 0.052821
0 0.045609 0.727891 0.023191 0.055222
0 0.046382 0.880752 0.023500 0.056022
1 0.162647 0.400560 0.220779 0.108043
2 0.391620 0.433774 0.217378 0.098439
3 0.613482 0.438375 0.218306 0.084434
4 0.837972 0.411565 0.225727 0.082033
5 0.164193 0.573029 0.218924 0.104842
6 0.388219 0.580032 0.217378 0.084434
7 0.610080 0.591036 0.216450 0.077631
8 0.834106 0.571028 0.229746 0.096038
9 0.162647 0.765106 0.218924 0.056022
10 0.387910 0.752101 0.213049 0.088435
11 0.609462 0.744698 0.216450 0.086435
12 0.835807 0.731693 0.231293 0.106042
