0 0.047071 0.395397 0.024646 0.063808
0 0.046263 0.564331 0.024646 0.063808
0 0.046263 0.728556 0.024646 0.063808
0 0.047475 0.882322 0.024646 0.063808
1 0.165253 0.406904 0.222222 0.106695
2 0.389697 0.424425 0.219394 0.095711
3 0.612323 0.424686 0.216970 0.073222
4 0.838788 0.390429 0.225455 0.135460
5 0.164848 0.577406 0.221414 0.099372
6 0.387677 0.585513 0.215354 0.069561
7 0.612323 0.586036 0.218586 0.074791
8 0.834545 0.570345 0.230707 0.121862
9 0.163636 0.763075 0.225455 0.052301
10 0.389293 0.755492 0.218586 0.071653
11 0.611515 0.735356 0.224242 0.123431
12 0.837980 0.744508 0.223838 0.093619
