0 0.113836 0.415601 0.022199 0.052430
0 0.116417 0.546675 0.022199 0.052430
0 0.116417 0.682225 0.022199 0.052430
0 0.115901 0.805627 0.022199 0.052430
1 0.212442 0.442775 0.192566 0.064578
2 0.407847 0.441176 0.182757 0.054987
3 0.594218 0.427430 0.187919 0.079923
4 0.786267 0.424233 0.191017 0.101662
5 0.214765 0.563619 0.188952 0.078645
6 0.405266 0.579923 0.182757 0.076726
7 0.594218 0.558504 0.184822 0.095269
8 0.784977 0.570972 0.188436 0.072890
9 0.215798 0.688619 0.186887 0.106138
10 0.407073 0.693095 0.181208 0.084399
11 0.592411 0.706202 0.183273 0.073529
12 0.785235 0.702366 0.188952 0.081202
