0 0.115677 0.415248 0.030126 0.053966
0 0.117724 0.550344 0.030126 0.053966
0 0.116262 0.685440 0.030126 0.053966
0 0.114800 0.808584 0.030126 0.053966
1 0.214536 0.423397 0.188652 0.074611
2 0.405089 0.437160 0.183679 0.057950
3 0.596519 0.433720 0.181632 0.062658
4 0.784879 0.409091 0.186312 0.116262
5 0.215414 0.561210 0.181632 0.073524
6 0.403773 0.571532 0.184557 0.048533
7 0.593448 0.573162 0.186019 0.093082
8 0.782685 0.544730 0.195964 0.097791
9 0.214536 0.709344 0.186897 0.049620
10 0.405967 0.707171 0.181925 0.071351
11 0.595203 0.704817 0.187774 0.113003
12 0.787511 0.690148 0.193331 0.096704
