0 0.116435 0.416189 0.028583 0.057782
0 0.115595 0.546590 0.025221 0.053097
0 0.114754 0.686622 0.025221 0.053097
0 0.115595 0.808433 0.025221 0.053097
1 0.212694 0.416189 0.196721 0.098386
2 0.407524 0.435190 0.183691 0.067673
3 0.594578 0.437272 0.184531 0.052056
4 0.787306 0.428162 0.189996 0.083811
5 0.213955 0.571317 0.190836 0.059865
6 0.406263 0.558824 0.186213 0.091098
7 0.596679 0.573920 0.183691 0.060906
8 0.787726 0.563769 0.190836 0.068714
9 0.215216 0.735034 0.191677 0.074961
10 0.406263 0.709266 0.182850 0.064029
11 0.595839 0.704841 0.187053 0.072879
12 0.789828 0.704841 0.191677 0.072879
