0 0.167327 0.427100 0.021782 0.039620
0 0.166997 0.542393 0.022442 0.045166
0 0.166667 0.654120 0.024422 0.043582
0 0.166337 0.758320 0.021122 0.044374
1 0.252805 0.446910 0.166337 0.036450
2 0.419802 0.447306 0.158416 0.046751
3 0.581848 0.453249 0.160396 0.041204
4 0.750165 0.445721 0.173597 0.072108
5 0.254455 0.548336 0.164356 0.072900
6 0.419802 0.567750 0.158416 0.046751
7 0.582838 0.572108 0.161056 0.071315
8 0.748185 0.540808 0.172277 0.091125
9 0.255446 0.671553 0.162376 0.051506
10 0.416832 0.669968 0.160396 0.056260
11 0.583828 0.678685 0.156436 0.068938
12 0.746535 0.654517 0.168977 0.083994
