0 0.045227 0.397353 0.028636 0.065294
0 0.046136 0.563235 0.028636 0.065294
0 0.046591 0.730294 0.028636 0.065294
0 0.045682 0.885000 0.028636 0.065294
1 0.162045 0.408529 0.223182 0.105294
2 0.387727 0.428235 0.221818 0.074118
3 0.612500 0.438529 0.219545 0.098235
4 0.839091 0.407353 0.226364 0.137059
5 0.161364 0.592941 0.226364 0.058824
6 0.387727 0.581765 0.224545 0.091765
7 0.612045 0.587941 0.220455 0.099412
8 0.840227 0.580588 0.228636 0.094118
9 0.160227 0.760000 0.222273 0.071765
10 0.387045 0.760882 0.223182 0.060588
11 0.610000 0.751471 0.224545 0.138235
12 0.837955 0.747647 0.231364 0.083529
