0 0.045227 0.393235 0.030455 0.062941
0 0.046136 0.562059 0.030455 0.062941
0 0.047500 0.729706 0.030455 0.062941
0 0.045682 0.881471 0.030455 0.062941
1 0.161136 0.402647 0.223182 0.117059
2 0.388636 0.444412 0.224545 0.091176
3 0.615000 0.433824 0.228182 0.067647
4 0.839091 0.410294 0.228182 0.135882
5 0.162273 0.574412 0.218182 0.098235
6 0.388636 0.580588 0.220000 0.096471
7 0.612045 0.600882 0.224091 0.087647
8 0.838864 0.561471 0.229545 0.134706
9 0.161818 0.759412 0.227273 0.060000
10 0.390000 0.755294 0.218182 0.070588
11 0.611364 0.762353 0.219091 0.104706
12 0.837273 0.734412 0.230000 0.135882
