0 0.046735 0.389718 0.029449 0.063018
0 0.046095 0.558872 0.025608 0.053068
0 0.045455 0.728027 0.026889 0.063018
0 0.047375 0.880597 0.028169 0.059701
1 0.163892 0.406302 0.220230 0.096186
2 0.389245 0.424544 0.217670 0.066335
3 0.612036 0.422056 0.220230 0.058043
4 0.838668 0.397181 0.225352 0.111111
5 0.164533 0.574627 0.221511 0.094527
6 0.389245 0.587065 0.220230 0.082919
7 0.612036 0.587894 0.215109 0.114428
8 0.836748 0.569652 0.226633 0.131012
9 0.161972 0.738806 0.218950 0.104478
10 0.387964 0.750415 0.217670 0.077944
11 0.610115 0.746269 0.221511 0.106136
12 0.837388 0.742123 0.227913 0.101161
