0 0.045682 0.394118 0.031364 0.063529
0 0.045682 0.562353 0.031364 0.063529
0 0.047500 0.731176 0.031364 0.063529
0 0.046136 0.882941 0.031364 0.063529
1 0.159091 0.420294 0.225455 0.081765
2 0.388409 0.424118 0.221364 0.084706
3 0.611364 0.420882 0.220909 0.078235
4 0.837727 0.405882 0.229091 0.103529
5 0.160000 0.590000 0.223636 0.061176
6 0.387727 0.585000 0.222727 0.102941
7 0.609773 0.584706 0.224091 0.105882
8 0.837727 0.580294 0.229091 0.086471
9 0.159545 0.761176 0.228182 0.058824
10 0.388182 0.758529 0.219091 0.064118
11 0.607045 0.737059 0.224091 0.115294
12 0.838182 0.750882 0.226364 0.077059
