0 0.046364 0.395294 0.028182 0.061176
0 0.045909 0.562941 0.028182 0.061176
0 0.045000 0.728824 0.028182 0.061176
0 0.045455 0.881176 0.028182 0.061176
1 0.163409 0.401471 0.220455 0.125294
2 0.384773 0.410294 0.220455 0.125294
3 0.608864 0.422059 0.220455 0.125294
4 0.829773 0.423824 0.220455 0.125294
5 0.164091 0.581471 0.220909 0.110000
6 0.387273 0.583235 0.220909 0.086471
7 0.610455 0.607647 0.222727 0.115294
8 0.842727 0.580294 0.225455 0.097059
9 0.163409 0.750294 0.222273 0.099412
10 0.387273 0.748529 0.220909 0.090000
11 0.612500 0.762647 0.219545 0.108824
12 0.838182 0.748529 0.226364 0.077059
