0 0.166288 0.427500 0.018939 0.043182
0 0.166288 0.542500 0.018939 0.043182
0 0.168561 0.654318 0.018939 0.043182
0 0.167803 0.759318 0.018939 0.043182
1 0.254924 0.442273 0.160606 0.057273
2 0.418182 0.446591 0.160606 0.048636
3 0.581439 0.448182 0.164394 0.064545
4 0.747917 0.443864 0.163258 0.060455
5 0.252273 0.560227 0.167424 0.048636
6 0.418182 0.560682 0.162121 0.054091
7 0.582955 0.566136 0.161364 0.071364
8 0.747348 0.556818 0.165909 0.050909
9 0.253977 0.676364 0.158712 0.034545
10 0.419508 0.672727 0.159470 0.046364
11 0.583712 0.674545 0.157576 0.073636
12 0.747917 0.673409 0.167045 0.043182
