0 0.045455 0.393038 0.030303 0.059494
0 0.047410 0.556329 0.030303 0.059494
0 0.047410 0.724684 0.030303 0.059494
0 0.046432 0.881646 0.030303 0.059494
1 0.164223 0.408228 0.224829 0.105063
2 0.390029 0.425316 0.217009 0.068354
3 0.612903 0.427215 0.218964 0.097468
4 0.841642 0.400633 0.222874 0.137975
5 0.163734 0.596203 0.225806 0.075949
6 0.388074 0.573418 0.222874 0.106329
7 0.613392 0.594304 0.217986 0.087342
8 0.840176 0.568987 0.225806 0.110127
9 0.162268 0.771519 0.226784 0.097468
10 0.390029 0.769620 0.215054 0.103797
11 0.612414 0.744937 0.217986 0.117722
12 0.844575 0.743038 0.230694 0.108861
