0 0.040164 0.102520 0.025559 0.078193
0 0.042446 0.348393 0.025559 0.078193
0 0.041990 0.595135 0.025559 0.078193
0 0.042446 0.823632 0.025559 0.078193
1 0.160429 0.132059 0.219534 0.159861
2 0.385669 0.137272 0.216340 0.170287
3 0.610224 0.135100 0.219078 0.169418
4 0.839343 0.136403 0.226381 0.172024
5 0.160885 0.361859 0.218622 0.174631
6 0.385440 0.372719 0.215883 0.182450
7 0.609539 0.386186 0.220447 0.209383
8 0.837745 0.387924 0.225011 0.205908
9 0.159288 0.622937 0.223642 0.154648
10 0.385212 0.620330 0.217252 0.147698
11 0.607485 0.624240 0.213601 0.148566
12 0.837745 0.625543 0.225011 0.158123
