0 0.046651 0.394221 0.031100 0.059856
0 0.045056 0.560372 0.031100 0.059856
0 0.047448 0.725490 0.031100 0.059856
0 0.045056 0.877193 0.031100 0.059856
1 0.166667 0.411249 0.220096 0.077399
2 0.388357 0.437564 0.220096 0.076367
3 0.609649 0.431889 0.220893 0.073271
4 0.838915 0.403509 0.223285 0.105263
5 0.165470 0.578431 0.220893 0.095975
6 0.387161 0.590815 0.216108 0.081527
7 0.612440 0.582559 0.216906 0.073271
8 0.837321 0.569659 0.226475 0.109391
9 0.163477 0.759030 0.223285 0.060888
10 0.387959 0.752322 0.214514 0.070175
11 0.612839 0.746130 0.216108 0.084623
12 0.840112 0.738390 0.222488 0.100103
