0 0.115871 0.415561 0.023369 0.051870
0 0.116358 0.548251 0.022395 0.049457
0 0.117332 0.682750 0.024343 0.048251
0 0.114411 0.809409 0.024343 0.048251
1 0.213729 0.443305 0.193768 0.049457
2 0.405063 0.442099 0.185005 0.063932
3 0.592502 0.435464 0.185979 0.057901
4 0.788218 0.417370 0.191821 0.108565
5 0.215677 0.576598 0.189873 0.053076
6 0.404090 0.577805 0.183057 0.053076
7 0.595910 0.583233 0.188900 0.078408
8 0.785784 0.549457 0.198637 0.090470
9 0.215677 0.708685 0.187926 0.051870
10 0.406037 0.693607 0.179163 0.084439
11 0.594937 0.706273 0.183057 0.075995
12 0.785784 0.694813 0.194742 0.084439
