0 0.043964 0.156991 0.027790 0.080131
0 0.044419 0.390842 0.027790 0.080131
0 0.045330 0.622240 0.027790 0.080131
0 0.044419 0.834015 0.027790 0.080131
1 0.161276 0.172118 0.222323 0.141455
2 0.386333 0.191742 0.216856 0.138185
3 0.612528 0.213001 0.221868 0.107114
4 0.838041 0.201554 0.221868 0.141455
5 0.161503 0.406378 0.220046 0.124285
6 0.385877 0.422731 0.213212 0.099755
7 0.611162 0.472200 0.220957 0.167621
8 0.837130 0.410466 0.220046 0.130826
9 0.161959 0.636549 0.220957 0.130008
10 0.386105 0.665985 0.215490 0.076043
11 0.611617 0.682339 0.220046 0.141455
12 0.840319 0.652903 0.226424 0.149632
