0 0.113905 0.414835 0.026627 0.053114
0 0.116124 0.549451 0.022189 0.047619
0 0.116124 0.682234 0.022189 0.049451
0 0.114645 0.808608 0.025148 0.053114
1 0.213757 0.438645 0.190828 0.049451
2 0.405325 0.438645 0.189349 0.056777
3 0.595414 0.439560 0.184911 0.065934
4 0.784763 0.433150 0.190828 0.082418
5 0.215237 0.574176 0.187870 0.053114
6 0.404586 0.577839 0.187870 0.060440
7 0.595414 0.573260 0.184911 0.062271
8 0.782544 0.563187 0.192308 0.086081
9 0.214497 0.709707 0.189349 0.053114
10 0.406065 0.709707 0.181953 0.064103
11 0.596154 0.709707 0.186391 0.064103
12 0.786982 0.687729 0.189349 0.082418
