0 0.045909 0.392647 0.027273 0.061765
0 0.045000 0.562059 0.027273 0.061765
0 0.046818 0.725588 0.027273 0.061765
0 0.045909 0.882647 0.027273 0.061765
1 0.163409 0.430882 0.224091 0.061765
2 0.387273 0.422647 0.220909 0.077059
3 0.610909 0.429412 0.218182 0.067059
4 0.840682 0.428529 0.233182 0.062941
5 0.161364 0.593529 0.226364 0.060000
6 0.388182 0.599412 0.219091 0.058824
7 0.602500 0.582941 0.239545 0.136471
8 0.838182 0.586176 0.228182 0.074706
9 0.163409 0.765000 0.225909 0.052353
10 0.388409 0.757647 0.223182 0.071765
11 0.612727 0.760882 0.218182 0.125294
12 0.838182 0.753529 0.228182 0.084706
