0 0.167535 0.430000 0.023958 0.041667
0 0.166840 0.543333 0.023958 0.041667
0 0.166146 0.654167 0.023958 0.041667
0 0.167882 0.758750 0.023958 0.041667
1 0.251910 0.441042 0.163542 0.052917
2 0.418403 0.452500 0.158333 0.042500
3 0.582986 0.455208 0.156250 0.043750
4 0.748785 0.437708 0.157292 0.085417
5 0.252083 0.556667 0.159722 0.051667
6 0.418750 0.563958 0.159028 0.050417
7 0.582465 0.569375 0.157292 0.046250
8 0.748611 0.551250 0.162500 0.075833
9 0.254861 0.677917 0.165278 0.041667
10 0.418403 0.676250 0.158333 0.042500
11 0.581944 0.670208 0.161806 0.063750
12 0.747222 0.668542 0.165278 0.067083
