0 0.116186 0.413360 0.025107 0.050265
0 0.115652 0.546958 0.025107 0.050265
0 0.116186 0.684524 0.025107 0.050265
0 0.116186 0.806217 0.025107 0.050265
1 0.215812 0.423611 0.189103 0.091931
2 0.406250 0.436839 0.183226 0.054894
3 0.595353 0.457341 0.183226 0.109127
4 0.785524 0.403770 0.191774 0.130291
5 0.214209 0.583664 0.190171 0.069444
6 0.405716 0.542659 0.190705 0.105159
7 0.593750 0.570106 0.182158 0.068783
8 0.788462 0.547619 0.192308 0.115079
9 0.216346 0.725198 0.189103 0.135582
10 0.405182 0.730489 0.183226 0.109127
11 0.595620 0.706680 0.183761 0.090608
12 0.784722 0.679563 0.189103 0.114418
