0 0.046276 0.396882 0.031216 0.063785
0 0.045181 0.562721 0.031216 0.063785
0 0.046824 0.729979 0.031216 0.063785
0 0.045728 0.879518 0.031216 0.063785
1 0.160734 0.418852 0.223987 0.066619
2 0.388554 0.424167 0.219606 0.072998
3 0.612541 0.428420 0.219606 0.068746
4 0.839814 0.411410 0.223987 0.105599
5 0.162924 0.591779 0.226177 0.053863
6 0.387733 0.589653 0.216867 0.066619
7 0.611446 0.595322 0.214129 0.063785
8 0.835159 0.573352 0.230011 0.094968
9 0.163198 0.758682 0.222344 0.061658
10 0.387733 0.759036 0.220153 0.070872
11 0.610898 0.746279 0.221796 0.086464
12 0.838445 0.745216 0.226725 0.105599
