0 0.045909 0.398529 0.029091 0.067647
0 0.047273 0.562059 0.029091 0.067647
0 0.045909 0.730882 0.029091 0.067647
0 0.045909 0.882647 0.029091 0.067647
1 0.161591 0.408529 0.220455 0.106471
2 0.389773 0.431471 0.218636 0.084118
3 0.611364 0.422353 0.220909 0.072941
4 0.840227 0.414706 0.228636 0.117647
5 0.160000 0.590882 0.225455 0.057059
6 0.385227 0.594412 0.216818 0.077059
7 0.611818 0.592941 0.220000 0.095294
8 0.840000 0.592941 0.227273 0.092941
9 0.162045 0.764706 0.219545 0.064706
10 0.387273 0.763235 0.217273 0.062941
11 0.614545 0.772059 0.215455 0.079412
12 0.840000 0.760882 0.227273 0.067647
