0 0.046563 0.393831 0.033259 0.061693
0 0.046563 0.558824 0.026608 0.055954
0 0.046563 0.725968 0.028825 0.057389
0 0.046563 0.882353 0.026608 0.065997
1 0.165188 0.424677 0.230599 0.054519
2 0.387472 0.423960 0.218404 0.073171
3 0.612528 0.425395 0.218404 0.064562
4 0.838692 0.424677 0.218404 0.088953
5 0.162971 0.595409 0.223947 0.045911
6 0.389690 0.596126 0.218404 0.073171
7 0.612528 0.598278 0.218404 0.083214
8 0.838692 0.588235 0.227273 0.060258
9 0.161863 0.760402 0.230599 0.045911
10 0.389135 0.757532 0.221729 0.057389
11 0.612528 0.758967 0.216186 0.103300
12 0.837583 0.752511 0.225055 0.067432
