0 0.166402 0.428254 0.023810 0.041270
0 0.167460 0.539048 0.020635 0.043175
0 0.167460 0.655556 0.020635 0.045079
0 0.166931 0.760952 0.019577 0.045079
1 0.252910 0.444444 0.165079 0.053333
2 0.418254 0.448889 0.162434 0.058413
3 0.582011 0.453651 0.162963 0.055238
4 0.748413 0.445714 0.164550 0.064762
5 0.254762 0.558095 0.159259 0.050794
6 0.416138 0.561270 0.161376 0.048254
7 0.581746 0.575556 0.162434 0.088254
8 0.746561 0.551111 0.166138 0.055873
9 0.252381 0.674286 0.166138 0.033016
10 0.419841 0.673651 0.161376 0.046984
11 0.584392 0.678413 0.160317 0.061587
12 0.746296 0.664127 0.166667 0.068571
