0 0.046818 0.394118 0.031818 0.064706
0 0.046818 0.560588 0.031818 0.064706
0 0.045909 0.728235 0.031818 0.064706
0 0.044091 0.880000 0.031818 0.064706
1 0.160909 0.414412 0.223636 0.086471
2 0.388182 0.429412 0.220909 0.074118
3 0.611364 0.428529 0.220909 0.078235
4 0.839773 0.417353 0.235000 0.087647
5 0.163182 0.575882 0.219091 0.095294
6 0.389545 0.590882 0.218182 0.070000
7 0.610455 0.593235 0.222727 0.062941
8 0.835455 0.572647 0.236364 0.127647
9 0.162500 0.758824 0.222273 0.063529
10 0.386818 0.755294 0.216364 0.057647
11 0.611136 0.768824 0.224091 0.094118
12 0.836136 0.729412 0.228636 0.123529
