0 0.166809 0.429915 0.020228 0.044103
0 0.168091 0.541709 0.019373 0.040684
0 0.168519 0.653675 0.020228 0.035556
0 0.167236 0.760000 0.021083 0.043077
1 0.252707 0.443590 0.160684 0.045470
2 0.418661 0.450256 0.158120 0.056068
3 0.583048 0.449744 0.159829 0.063932
4 0.748148 0.451795 0.164672 0.063932
5 0.253276 0.567009 0.161823 0.049573
6 0.418519 0.553333 0.163533 0.070769
7 0.582194 0.558291 0.161538 0.071795
8 0.748575 0.556239 0.165527 0.073846
9 0.255840 0.683590 0.163533 0.055043
10 0.417236 0.680171 0.159259 0.044103
11 0.583618 0.680171 0.162678 0.072821
12 0.749430 0.673675 0.168946 0.063932
