0 0.167647 0.427843 0.022876 0.044706
0 0.167484 0.539020 0.017320 0.038039
0 0.167484 0.654118 0.024510 0.039216
0 0.168464 0.758627 0.022549 0.043529
1 0.252124 0.433529 0.164379 0.068627
2 0.418137 0.450784 0.159150 0.066275
3 0.582026 0.457255 0.158170 0.081569
4 0.746242 0.425098 0.166993 0.087059
5 0.255556 0.545686 0.158824 0.068627
6 0.419444 0.565686 0.159804 0.054510
7 0.582843 0.564706 0.157843 0.061176
8 0.747222 0.541373 0.166993 0.068627
9 0.250654 0.674706 0.167320 0.049804
10 0.416830 0.671961 0.157843 0.053725
11 0.582026 0.673137 0.158170 0.046667
12 0.745261 0.664314 0.166993 0.077647
