0 0.047500 0.395294 0.030455 0.058824
0 0.046591 0.561176 0.030455 0.058824
0 0.044773 0.728824 0.030455 0.058824
0 0.046591 0.880588 0.030455 0.058824
1 0.160000 0.422941 0.223636 0.058824
2 0.386364 0.434118 0.219091 0.070588
3 0.609773 0.429412 0.222273 0.063529
4 0.839318 0.423529 0.224091 0.085882
5 0.164091 0.600294 0.227273 0.052353
6 0.387955 0.597353 0.222273 0.071176
7 0.611818 0.598235 0.220000 0.084706
8 0.835909 0.590588 0.227273 0.083529
9 0.160455 0.758824 0.226364 0.048235
10 0.386591 0.760588 0.220455 0.068235
11 0.609545 0.767647 0.220909 0.094118
12 0.835227 0.745882 0.225909 0.084706
