0 0.044318 0.395294 0.030455 0.067059
0 0.045682 0.561765 0.030455 0.067059
0 0.046591 0.730588 0.030455 0.067059
0 0.046591 0.883529 0.030455 0.067059
1 0.158636 0.417647 0.228182 0.071765
2 0.389318 0.422941 0.219545 0.067059
3 0.611818 0.442353 0.220000 0.074118
4 0.839091 0.401176 0.226364 0.154118
5 0.163409 0.575588 0.220455 0.100588
6 0.389318 0.586176 0.216818 0.092353
7 0.611136 0.601471 0.222273 0.122941
8 0.838636 0.562353 0.225455 0.164706
9 0.162045 0.760294 0.225000 0.077059
10 0.387727 0.741765 0.221818 0.103529
11 0.611364 0.747353 0.225455 0.100588
12 0.835227 0.727353 0.230455 0.124118
