0 0.046818 0.394118 0.027273 0.058824
0 0.045000 0.560000 0.027273 0.058824
0 0.045909 0.727647 0.027273 0.058824
0 0.046364 0.879412 0.027273 0.058824
1 0.161136 0.422059 0.223182 0.075882
2 0.387273 0.427647 0.220909 0.060000
3 0.612955 0.426176 0.224091 0.052353
4 0.840455 0.377647 0.228182 0.154118
5 0.165455 0.580294 0.224545 0.078235
6 0.388636 0.597647 0.220000 0.047059
7 0.611364 0.588235 0.220909 0.051765
8 0.836136 0.540588 0.232273 0.157647
9 0.163864 0.772941 0.225000 0.069412
10 0.389773 0.751765 0.220455 0.062353
11 0.610909 0.747647 0.224545 0.078824
12 0.836591 0.722647 0.231364 0.125294
