0 0.045682 0.394706 0.029545 0.060000
0 0.045227 0.562353 0.029545 0.060000
0 0.046136 0.728235 0.029545 0.060000
0 0.047045 0.881765 0.029545 0.060000
1 0.164318 0.416471 0.224091 0.090588
2 0.387273 0.431765 0.219091 0.071765
3 0.611818 0.435294 0.218182 0.076471
4 0.838182 0.395294 0.224545 0.155294
5 0.162955 0.594118 0.226818 0.050588
6 0.383636 0.573824 0.226364 0.093529
7 0.610909 0.587941 0.221818 0.065294
8 0.834318 0.565294 0.230455 0.108235
9 0.166364 0.777059 0.228182 0.092941
10 0.389773 0.770000 0.218636 0.068235
11 0.609545 0.752059 0.225455 0.098235
12 0.837273 0.744412 0.224545 0.081765
