0 0.046136 0.392059 0.032273 0.060588
0 0.045227 0.559118 0.032273 0.060588
0 0.047955 0.728529 0.032273 0.060588
0 0.044773 0.880882 0.032273 0.060588
1 0.160909 0.414412 0.230909 0.078235
2 0.387955 0.430000 0.222273 0.072941
3 0.611364 0.424706 0.220909 0.078824
4 0.837727 0.427647 0.225455 0.083529
5 0.162727 0.599118 0.227273 0.053529
6 0.385000 0.575882 0.217273 0.087059
7 0.611364 0.613235 0.220909 0.148824
8 0.838182 0.583235 0.228182 0.086471
9 0.161364 0.770000 0.226364 0.068235
10 0.386818 0.764706 0.216364 0.075294
11 0.612045 0.768529 0.220455 0.086471
12 0.839318 0.767353 0.228636 0.093529
