0 0.045909 0.394118 0.025455 0.058824
0 0.045455 0.561765 0.025455 0.058824
0 0.046818 0.729412 0.025455 0.058824
0 0.046818 0.880000 0.025455 0.058824
1 0.161591 0.418235 0.224091 0.065882
2 0.385682 0.426765 0.218636 0.072353
3 0.610455 0.446471 0.217273 0.095294
4 0.838182 0.401471 0.224545 0.101765
5 0.163864 0.569412 0.223182 0.095294
6 0.388636 0.590882 0.220000 0.067647
7 0.610455 0.627353 0.217273 0.161765
8 0.834773 0.570588 0.231364 0.101176
9 0.165909 0.746176 0.217273 0.088824
10 0.388182 0.742059 0.219091 0.090000
11 0.610909 0.755000 0.220000 0.061765
12 0.838636 0.738529 0.229091 0.094706
