0 0.046206 0.395914 0.027799 0.066148
0 0.046206 0.561284 0.027799 0.066148
0 0.045455 0.728599 0.027799 0.066148
0 0.046957 0.877432 0.027799 0.066148
1 0.163787 0.418288 0.222389 0.071984
2 0.389557 0.426556 0.218633 0.065175
3 0.612697 0.431420 0.218633 0.059339
4 0.839219 0.411965 0.219384 0.100195
5 0.163787 0.594358 0.222389 0.058366
6 0.389557 0.589981 0.218633 0.061284
7 0.612322 0.584144 0.220887 0.104086
8 0.838467 0.579767 0.228400 0.089494
9 0.163787 0.759728 0.222389 0.060311
10 0.388805 0.762160 0.217130 0.061284
11 0.611570 0.740272 0.220887 0.116732
12 0.838843 0.758268 0.224643 0.069066
