0 0.044318 0.395000 0.024091 0.054706
0 0.046591 0.560294 0.024091 0.054706
0 0.046591 0.725588 0.024091 0.054706
0 0.045682 0.879118 0.024091 0.054706
1 0.163636 0.410882 0.228182 0.087647
2 0.388182 0.421176 0.220909 0.070588
3 0.611818 0.420588 0.218182 0.058824
4 0.838864 0.424706 0.225000 0.085882
5 0.161591 0.589706 0.224091 0.075882
6 0.387955 0.585000 0.222273 0.064118
7 0.611364 0.596176 0.219091 0.088824
8 0.837727 0.580000 0.225455 0.082353
9 0.163409 0.760000 0.222273 0.058824
10 0.387727 0.760882 0.220000 0.065294
11 0.611364 0.762647 0.220909 0.087647
12 0.839318 0.747059 0.228636 0.080000
