0 0.045796 0.391593 0.027341 0.055752
0 0.045796 0.557080 0.027341 0.055752
0 0.047163 0.726106 0.027341 0.055752
0 0.046480 0.876106 0.024607 0.060177
1 0.162338 0.411947 0.218045 0.087611
2 0.388585 0.426106 0.213944 0.078761
3 0.612782 0.432301 0.220779 0.078761
4 0.842105 0.401327 0.221463 0.140708
5 0.161312 0.585841 0.221463 0.069027
6 0.388585 0.582301 0.215311 0.092035
7 0.612098 0.595575 0.222146 0.093805
8 0.839029 0.573009 0.223513 0.103540
9 0.158920 0.765929 0.226247 0.073451
10 0.387218 0.760177 0.215311 0.074336
11 0.613124 0.754425 0.221463 0.133628
12 0.836637 0.750885 0.228298 0.084071
