0 0.046364 0.393824 0.026364 0.053529
0 0.046364 0.558529 0.026364 0.053529
0 0.045455 0.726176 0.026364 0.053529
0 0.046818 0.878529 0.026364 0.053529
1 0.161591 0.423529 0.224091 0.070588
2 0.387273 0.428824 0.220909 0.060000
3 0.612500 0.430000 0.219545 0.055294
4 0.837273 0.418235 0.228182 0.081176
5 0.162500 0.582353 0.225909 0.074118
6 0.387727 0.583529 0.221818 0.082353
7 0.610909 0.582941 0.220000 0.072941
8 0.840227 0.580588 0.228636 0.091765
9 0.160909 0.757059 0.225455 0.070588
10 0.387045 0.754412 0.223182 0.073529
11 0.608409 0.758235 0.223182 0.065882
12 0.837727 0.746765 0.229091 0.077059
