0  0.114326 0.413899 0.019760 0.048077
0 0.115737 0.550262 0.019760 0.048077
0 0.116443 0.684003 0.028229 0.055070
0 0.116443 0.808566 0.022583 0.050699
1 0.215596 0.437063 0.188426 0.054196
2 0.406845 0.434878 0.185603 0.060315
3 0.594919 0.429196 0.184898 0.076923
4 0.787579 0.432255 0.193366 0.083042
5 0.216655 0.562063 0.187721 0.069930
6 0.405787 0.569930 0.186309 0.062937
7 0.592449 0.576486 0.194072 0.142483
8 0.787227 0.575175 0.189838 0.075175
9 0.215949 0.697115 0.189132 0.097028
10 0.406493 0.694493 0.184898 0.090035
11 0.593155 0.698864 0.188426 0.095280
12 0.786521 0.709353 0.195483 0.067308
