0 0.044091 0.394706 0.026364 0.062353
0 0.046364 0.562353 0.026364 0.062353
0 0.045455 0.729412 0.026364 0.062353
0 0.046364 0.881765 0.026364 0.062353
1 0.162727 0.405294 0.227273 0.104706
2 0.389773 0.415882 0.218636 0.083529
3 0.612273 0.420882 0.219091 0.084118
4 0.838864 0.417353 0.223182 0.087647
5 0.164318 0.575000 0.222273 0.086471
6 0.388636 0.591176 0.216364 0.058824
7 0.612045 0.583824 0.224091 0.087647
8 0.838182 0.580000 0.224545 0.105882
9 0.163182 0.743235 0.217273 0.098235
10 0.388409 0.753235 0.221364 0.065294
11 0.612273 0.751176 0.219091 0.080000
12 0.837273 0.734118 0.226364 0.103529
