0 0.048182 0.393824 0.028182 0.053529
0 0.045000 0.557353 0.028182 0.053529
0 0.045000 0.725000 0.028182 0.053529
0 0.045000 0.879706 0.028182 0.053529
1 0.161364 0.406471 0.226364 0.104706
2 0.385227 0.426765 0.221364 0.082941
3 0.610682 0.420294 0.223182 0.090000
4 0.837955 0.409118 0.231364 0.099412
5 0.162955 0.572059 0.223182 0.108824
6 0.387955 0.589706 0.222273 0.078235
7 0.608864 0.576471 0.224091 0.096471
8 0.834773 0.573235 0.229545 0.106471
9 0.162045 0.761765 0.225000 0.070588
10 0.386364 0.759412 0.217273 0.081176
11 0.610909 0.754118 0.221818 0.085882
12 0.835682 0.734706 0.227727 0.098824
