0 0.045682 0.392647 0.031364 0.061765
0 0.044318 0.562647 0.031364 0.061765
0 0.045682 0.727941 0.031364 0.061765
0 0.044773 0.880294 0.031364 0.061765
1 0.160455 0.431471 0.226364 0.078235
2 0.387273 0.423529 0.219091 0.065882
3 0.608409 0.414706 0.221364 0.094118
4 0.838182 0.411176 0.236364 0.110588
5 0.160455 0.576471 0.224545 0.100000
6 0.387727 0.592941 0.221818 0.090588
7 0.610455 0.567647 0.219091 0.129412
8 0.839091 0.590882 0.228182 0.091176
9 0.161818 0.725000 0.225455 0.134706
10 0.388864 0.741176 0.220455 0.102353
11 0.609545 0.747059 0.227273 0.108235
12 0.836818 0.752353 0.229091 0.087059
