0 0.046364 0.393529 0.024545 0.057647
0 0.046364 0.560000 0.024545 0.057647
0 0.046364 0.727647 0.024545 0.057647
0 0.044545 0.880588 0.024545 0.057647
1 0.160909 0.421176 0.225455 0.083529
2 0.388182 0.419706 0.220909 0.078235
3 0.612045 0.426176 0.220455 0.067647
4 0.837727 0.405294 0.223636 0.115294
5 0.165000 0.577941 0.220909 0.101765
6 0.386818 0.591471 0.220000 0.061765
7 0.611591 0.594706 0.221364 0.120000
8 0.837727 0.569118 0.222727 0.108824
9 0.162500 0.759706 0.217727 0.075882
10 0.387727 0.749706 0.221818 0.085294
11 0.612727 0.736765 0.218182 0.124118
12 0.837727 0.740882 0.222727 0.088824
