0 0.046136 0.392647 0.024091 0.055882
0 0.046136 0.560294 0.024091 0.055882
0 0.046136 0.726176 0.024091 0.055882
0 0.045227 0.880294 0.024091 0.055882
1 0.163409 0.407941 0.222273 0.101765
2 0.389318 0.437941 0.221364 0.091176
3 0.610455 0.422941 0.219091 0.074118
4 0.836591 0.365882 0.233182 0.180000
5 0.161364 0.576471 0.226364 0.072941
6 0.387045 0.581765 0.223182 0.075294
7 0.611591 0.585000 0.221364 0.085294
8 0.838636 0.541765 0.227273 0.155294
9 0.163636 0.761471 0.220000 0.042941
10 0.386818 0.756765 0.218182 0.057059
11 0.607273 0.722941 0.225455 0.130588
12 0.841364 0.716176 0.230000 0.133529
