0 0.045455 0.393791 0.029461 0.063181
0 0.045455 0.558279 0.029461 0.063181
0 0.046296 0.729303 0.029461 0.063181
0 0.047138 0.883987 0.029461 0.063181
1 0.159933 0.422113 0.224747 0.069717
2 0.388468 0.428105 0.212121 0.053377
3 0.611953 0.429194 0.214646 0.059913
4 0.837963 0.401961 0.225589 0.136166
5 0.161616 0.596405 0.224747 0.058824
6 0.388889 0.590959 0.216330 0.082789
7 0.610690 0.582244 0.218855 0.106754
8 0.835438 0.555011 0.227273 0.124183
9 0.162458 0.763617 0.221380 0.044662
10 0.388468 0.757625 0.215488 0.058824
11 0.610269 0.733115 0.221380 0.114379
12 0.835859 0.736383 0.229798 0.127451
