0 0.044773 0.393235 0.029545 0.062941
0 0.046591 0.559706 0.029545 0.062941
0 0.044773 0.729706 0.029545 0.062941
0 0.046136 0.881471 0.029545 0.062941
1 0.160909 0.407941 0.220909 0.099412
2 0.390227 0.427941 0.221364 0.079412
3 0.611591 0.437941 0.221364 0.099412
4 0.840909 0.423529 0.229091 0.065882
5 0.162500 0.582941 0.224091 0.081176
6 0.387273 0.585000 0.220909 0.081765
7 0.610909 0.606471 0.220000 0.109412
8 0.836364 0.569412 0.226364 0.105882
9 0.162500 0.767353 0.228636 0.070000
10 0.387273 0.748824 0.220909 0.081176
11 0.611364 0.756471 0.220909 0.092941
12 0.836591 0.730294 0.223182 0.100588
