0 0.165641 0.424261 0.021538 0.043103
0 0.166667 0.540640 0.023590 0.041872
0 0.166667 0.654557 0.023590 0.043103
0 0.168205 0.757389 0.024615 0.041872
1 0.254359 0.448892 0.162051 0.043103
2 0.418974 0.451970 0.156923 0.054187
3 0.582051 0.452586 0.158974 0.052956
4 0.745641 0.439039 0.168205 0.080049
5 0.254359 0.555419 0.164103 0.054187
6 0.418974 0.561576 0.161026 0.044335
7 0.581538 0.565887 0.157949 0.062808
8 0.749744 0.554187 0.164103 0.068966
9 0.253333 0.674877 0.162051 0.051724
10 0.417949 0.669335 0.158974 0.055419
11 0.581538 0.674877 0.157949 0.046798
12 0.748718 0.669335 0.172308 0.052956
