0 0.045455 0.397200 0.032781 0.060367
0 0.047482 0.560367 0.032781 0.060367
0 0.045117 0.730096 0.032781 0.060367
0 0.045455 0.881015 0.032781 0.060367
1 0.162893 0.430665 0.218993 0.076553
2 0.388983 0.428915 0.216289 0.080052
3 0.613214 0.431102 0.213924 0.066929
4 0.843021 0.396107 0.224062 0.121172
5 0.162048 0.578084 0.218655 0.102800
6 0.387631 0.589020 0.210206 0.072178
7 0.608990 0.587489 0.212234 0.086614
8 0.838459 0.571741 0.223048 0.109361
9 0.162893 0.751094 0.212234 0.074366
10 0.388814 0.743876 0.214600 0.103675
11 0.614904 0.737752 0.213924 0.142170
12 0.840825 0.740595 0.223048 0.108486
