0 0.045455 0.392647 0.026364 0.055882
0 0.047273 0.560882 0.026364 0.055882
0 0.045455 0.727353 0.026364 0.055882
0 0.045455 0.879118 0.026364 0.055882
1 0.159545 0.424412 0.224545 0.066471
2 0.388182 0.426176 0.220909 0.065294
3 0.610000 0.427353 0.220000 0.065294
4 0.835682 0.391471 0.226818 0.132353
5 0.163636 0.589706 0.220000 0.062941
6 0.389318 0.592059 0.221364 0.052353
7 0.609545 0.590000 0.219091 0.105882
8 0.838636 0.557941 0.237273 0.133529
9 0.161364 0.763824 0.224545 0.053529
10 0.387955 0.756471 0.222273 0.058824
11 0.607727 0.747059 0.226364 0.121176
12 0.837273 0.736176 0.232727 0.101765
