0 0.166049 0.428000 0.020988 0.048296
0 0.168272 0.544741 0.020988 0.048296
0 0.166790 0.655259 0.020988 0.048296
0 0.168025 0.758963 0.020988 0.048296
1 0.252963 0.437926 0.161728 0.081185
2 0.419012 0.445630 0.159012 0.059259
3 0.582716 0.446222 0.164444 0.058074
4 0.747778 0.435852 0.165679 0.074667
5 0.252469 0.558222 0.164691 0.051556
6 0.418519 0.557630 0.156543 0.056889
7 0.582222 0.560889 0.158025 0.063407
8 0.749136 0.547704 0.164444 0.079111
9 0.253457 0.677778 0.160741 0.051852
10 0.419383 0.678222 0.158272 0.052741
11 0.581728 0.669037 0.160988 0.064593
12 0.748642 0.668444 0.160000 0.055111
