0 0.045227 0.392353 0.032273 0.060000
0 0.045000 0.557941 0.027273 0.062941
0 0.045909 0.726765 0.027273 0.062941
0 0.045909 0.882059 0.027273 0.062941
1 0.164318 0.417647 0.224091 0.084706
2 0.388864 0.434706 0.224091 0.084706
3 0.610227 0.437059 0.224091 0.084706
4 0.837273 0.386471 0.234545 0.155294
5 0.160909 0.573824 0.225455 0.094706
6 0.387727 0.593529 0.220000 0.065882
7 0.606818 0.589118 0.224545 0.113529
8 0.836591 0.556176 0.225000 0.124118
9 0.164545 0.750294 0.220000 0.086471
10 0.385000 0.737941 0.219091 0.092353
11 0.613182 0.730588 0.218182 0.120000
12 0.838636 0.736176 0.229091 0.125294
