0 0.047727 0.393529 0.029091 0.060000
0 0.046818 0.560588 0.029091 0.060000
0 0.046818 0.725882 0.029091 0.060000
0 0.045455 0.880588 0.029091 0.060000
1 0.164545 0.400882 0.220000 0.111176
2 0.389091 0.429118 0.219091 0.077059
3 0.611136 0.438529 0.224091 0.142941
4 0.836818 0.381765 0.235455 0.175294
5 0.161364 0.601765 0.226364 0.092941
6 0.386364 0.562059 0.219091 0.148824
7 0.611364 0.592353 0.219091 0.094118
8 0.841818 0.555588 0.230909 0.144118
9 0.160455 0.772059 0.220000 0.181765
10 0.388864 0.786471 0.220455 0.140000
11 0.610455 0.756176 0.219091 0.105294
12 0.839773 0.724118 0.231364 0.145882
