0 0.117353 0.413386 0.025136 0.049119
0 0.116747 0.549869 0.025136 0.049119
0 0.117050 0.685227 0.025136 0.049119
0 0.116445 0.807462 0.025136 0.049119
1 0.215173 0.433821 0.191096 0.051744
2 0.405058 0.439820 0.185039 0.052493
3 0.593277 0.442445 0.185948 0.044994
4 0.783162 0.422010 0.195639 0.096363
5 0.215930 0.561305 0.187765 0.068241
6 0.405058 0.574053 0.186856 0.044994
7 0.594942 0.586989 0.184434 0.070866
8 0.787553 0.540307 0.186856 0.127484
9 0.216384 0.706599 0.185039 0.061117
10 0.404149 0.705849 0.186856 0.053618
11 0.592368 0.717660 0.181102 0.070491
12 0.784525 0.685039 0.194730 0.099738
