0 0.044976 0.395954 0.029346 0.061107
0 0.045933 0.559455 0.029346 0.061107
0 0.045295 0.727911 0.029346 0.061107
0 0.044657 0.883567 0.029346 0.061107
1 0.160766 0.425268 0.222648 0.061107
2 0.388198 0.428984 0.220734 0.055326
3 0.612281 0.434971 0.219139 0.054088
4 0.836045 0.421965 0.228389 0.102395
5 0.164593 0.586086 0.223285 0.084641
6 0.388676 0.590008 0.221691 0.068538
7 0.612759 0.596408 0.218182 0.085467
8 0.838118 0.580718 0.222329 0.091247
9 0.167943 0.748968 0.219777 0.078448
10 0.388357 0.751239 0.219139 0.078035
11 0.612281 0.760528 0.219139 0.079273
12 0.835247 0.737614 0.226794 0.107762
