0 0.046818 0.394706 0.027273 0.060000
0 0.048182 0.561176 0.027273 0.060000
0 0.045909 0.727647 0.027273 0.060000
0 0.045909 0.879412 0.027273 0.060000
1 0.159318 0.406471 0.220455 0.102353
2 0.388864 0.424706 0.224091 0.072941
3 0.611364 0.427941 0.215455 0.055882
4 0.840000 0.405294 0.227273 0.143529
5 0.161136 0.594118 0.223182 0.054118
6 0.385909 0.574412 0.218182 0.100588
7 0.610000 0.597353 0.221818 0.075882
8 0.837045 0.552353 0.230455 0.152941
9 0.162500 0.768529 0.225909 0.067647
10 0.385227 0.760294 0.216818 0.064118
11 0.612500 0.757647 0.223182 0.082353
12 0.836591 0.716471 0.229545 0.141176
