0 0.968353 0.092729 0.034163 0.115911
0 0.968618 0.345627 0.034163 0.115911
0 0.970471 0.594310 0.034163 0.115911
0 0.970471 0.838251 0.034163 0.115911
1 0.135196 0.113014 0.229608 0.143836
2 0.368114 0.115385 0.226695 0.151739
3 0.599841 0.112223 0.228814 0.145416
4 0.832362 0.114594 0.225106 0.140674
5 0.135990 0.365648 0.228019 0.144362
6 0.368512 0.369336 0.225900 0.151739
7 0.601033 0.389621 0.229608 0.195469
8 0.833157 0.393572 0.225106 0.193888
9 0.136785 0.620390 0.229608 0.136459
10 0.368512 0.626712 0.225900 0.136459
11 0.601430 0.626712 0.233581 0.149104
12 0.833554 0.621180 0.232256 0.138040
