0 0.115224 0.414683 0.026603 0.051587
0 0.117147 0.549206 0.026603 0.051587
0 0.117468 0.687698 0.026603 0.051587
0 0.116827 0.809127 0.026603 0.051587
1 0.211699 0.416667 0.183654 0.098413
2 0.407532 0.444643 0.188782 0.081349
3 0.596314 0.441865 0.178526 0.074206
4 0.787500 0.426389 0.184615 0.098810
5 0.215705 0.561508 0.180769 0.083333
6 0.405449 0.569643 0.182692 0.078175
7 0.595994 0.552381 0.181090 0.110317
8 0.787019 0.564087 0.188782 0.095635
9 0.217949 0.701984 0.182051 0.079365
10 0.407051 0.706746 0.182692 0.082540
11 0.594391 0.692460 0.181090 0.100794
12 0.787821 0.693452 0.190385 0.096429
