0 0.044191 0.132266 0.023690 0.082561
0 0.043280 0.372367 0.023690 0.082561
0 0.044647 0.609941 0.023690 0.082561
0 0.043736 0.828981 0.023690 0.082561
1 0.162642 0.152485 0.219590 0.131424
2 0.388155 0.179023 0.220501 0.088458
3 0.611390 0.178602 0.217768 0.084246
4 0.838041 0.127211 0.221868 0.212300
5 0.161731 0.386268 0.222323 0.149115
6 0.387016 0.402696 0.215490 0.112890
7 0.609112 0.393429 0.213212 0.114575
8 0.836446 0.392165 0.218679 0.154170
9 0.162642 0.623842 0.220501 0.144061
10 0.387016 0.652064 0.215490 0.102780
11 0.606606 0.612047 0.208200 0.165965
12 0.838269 0.636900 0.228702 0.144903
