0 0.041305 0.157809 0.027841 0.081766
0 0.042675 0.389207 0.027841 0.081766
0 0.041762 0.622240 0.027841 0.081766
0 0.041762 0.834832 0.027841 0.081766
1 0.158603 0.172527 0.220447 0.150450
2 0.383158 0.188471 0.214970 0.187244
3 0.610680 0.193786 0.218165 0.197874
4 0.838886 0.195421 0.224555 0.197874
5 0.160201 0.405969 0.217252 0.159444
6 0.385212 0.411693 0.214514 0.164350
7 0.611593 0.440720 0.219991 0.240392
8 0.839343 0.415781 0.223642 0.187244
9 0.159973 0.630008 0.220447 0.177433
10 0.384071 0.635732 0.221360 0.183974
11 0.611821 0.657400 0.220447 0.215863
12 0.841625 0.662306 0.230032 0.197874
