0 0.047925 0.393223 0.026680 0.061381
0 0.046937 0.562020 0.026680 0.061381
0 0.045949 0.727621 0.026680 0.061381
0 0.046937 0.880435 0.026680 0.061381
1 0.159832 0.422315 0.228755 0.076087
2 0.388587 0.422315 0.218874 0.076087
3 0.613389 0.414003 0.217885 0.102941
4 0.838686 0.411125 0.224802 0.112532
5 0.164526 0.589194 0.217391 0.060742
6 0.386858 0.591432 0.218379 0.078005
7 0.611660 0.566176 0.221344 0.113171
8 0.838192 0.571611 0.223814 0.103581
9 0.165020 0.765665 0.220356 0.069693
10 0.389328 0.759591 0.218379 0.054987
11 0.611166 0.743926 0.220356 0.091432
12 0.839921 0.735614 0.225296 0.118286
