0 0.046694 0.395187 0.031405 0.058824
0 0.046694 0.560963 0.031405 0.058824
0 0.047521 0.728877 0.031405 0.058824
0 0.046694 0.882888 0.031405 0.058824
1 0.159091 0.420856 0.224793 0.073797
2 0.390496 0.425668 0.214876 0.070588
3 0.611570 0.425668 0.212397 0.057754
4 0.837190 0.416043 0.220661 0.083422
5 0.165289 0.579144 0.214050 0.086631
6 0.388430 0.592513 0.214050 0.066310
7 0.614463 0.591979 0.214876 0.078075
8 0.840496 0.581818 0.228926 0.104813
9 0.167769 0.745455 0.217355 0.091979
10 0.387603 0.745989 0.219008 0.088770
11 0.611983 0.758824 0.213223 0.078075
12 0.842149 0.748128 0.228926 0.080214
