0 0.043280 0.159557 0.025513 0.087777
0 0.044647 0.389253 0.025513 0.087777
0 0.043736 0.621411 0.025513 0.087777
0 0.045103 0.835521 0.025513 0.087777
1 0.163326 0.179655 0.219134 0.136177
2 0.387927 0.180476 0.215490 0.146021
3 0.612984 0.187449 0.219134 0.159967
4 0.838952 0.188269 0.225513 0.161608
5 0.161276 0.402789 0.217768 0.142740
6 0.387244 0.404840 0.217768 0.150123
7 0.613212 0.430681 0.218679 0.190320
8 0.839408 0.430681 0.224601 0.190320
9 0.160820 0.625923 0.218679 0.155865
10 0.387927 0.632896 0.220046 0.161608
11 0.612528 0.639869 0.218223 0.175554
12 0.839408 0.642330 0.226424 0.182116
