0 0.117427 0.418668 0.030633 0.055204
0 0.116406 0.551833 0.030633 0.055204
0 0.115725 0.682891 0.030633 0.055204
0 0.115044 0.809735 0.030633 0.055204
1 0.214261 0.420143 0.184139 0.103666
2 0.406739 0.446271 0.191967 0.080067
3 0.594452 0.443321 0.186862 0.072482
4 0.785568 0.430468 0.188564 0.109145
5 0.215623 0.555836 0.184820 0.085124
6 0.405037 0.558997 0.188564 0.093974
7 0.597345 0.580067 0.185841 0.082174
8 0.786419 0.547619 0.190265 0.112516
9 0.214261 0.708597 0.187543 0.051833
10 0.406739 0.704383 0.185160 0.058576
11 0.596494 0.710282 0.187543 0.085546
12 0.785398 0.684576 0.190265 0.104930
