0 0.045909 0.395294 0.025455 0.056471
0 0.045909 0.559412 0.025455 0.056471
0 0.045000 0.727059 0.025455 0.056471
0 0.045455 0.882941 0.025455 0.056471
1 0.163409 0.426176 0.224091 0.065294
2 0.386818 0.426176 0.216364 0.057059
3 0.610909 0.405882 0.218182 0.092941
4 0.838864 0.418235 0.223182 0.070588
5 0.161818 0.574706 0.225455 0.069412
6 0.387273 0.602059 0.219091 0.064118
7 0.612500 0.589118 0.221364 0.077059
8 0.837273 0.582941 0.221818 0.085882
9 0.163409 0.753529 0.224091 0.063529
10 0.390227 0.752647 0.216818 0.065294
11 0.612273 0.752353 0.219091 0.069412
12 0.836364 0.746471 0.228182 0.078824
