0 0.168807 0.426972 0.020795 0.045138
0 0.167278 0.544037 0.020795 0.045138
0 0.167584 0.656697 0.020795 0.045138
0 0.167890 0.762752 0.020795 0.045138
1 0.251376 0.449541 0.168196 0.038899
2 0.417431 0.452844 0.162080 0.047706
3 0.583333 0.452294 0.157492 0.040000
4 0.750306 0.454495 0.163609 0.076697
5 0.251988 0.567339 0.158410 0.047706
6 0.418807 0.562385 0.159327 0.046606
7 0.583792 0.578532 0.158410 0.081101
8 0.750765 0.564037 0.162691 0.062385
9 0.252905 0.678349 0.160245 0.051743
10 0.418807 0.675780 0.157492 0.059083
11 0.581498 0.688073 0.159327 0.073394
12 0.748471 0.673761 0.161774 0.055046
