0 0.165747 0.427704 0.021609 0.043046
0 0.167586 0.542494 0.021609 0.043046
0 0.166667 0.652870 0.021609 0.043046
0 0.168046 0.758830 0.021609 0.043046
1 0.254483 0.431843 0.162299 0.076711
2 0.417701 0.450607 0.161379 0.050221
3 0.580920 0.454194 0.159540 0.057395
4 0.746437 0.434879 0.164138 0.068433
5 0.254943 0.561534 0.161379 0.049117
6 0.416322 0.552704 0.163218 0.074503
7 0.583218 0.562638 0.158621 0.042494
8 0.746437 0.551325 0.162299 0.071744
9 0.252644 0.685982 0.160460 0.048565
10 0.417931 0.682119 0.158161 0.045254
11 0.582759 0.676325 0.155862 0.067881
12 0.748736 0.659768 0.170575 0.076711
