0 0.046370 0.390600 0.026846 0.049763
0 0.047590 0.557267 0.026846 0.049763
0 0.045760 0.724724 0.026846 0.049763
0 0.045149 0.877172 0.026846 0.049763
1 0.164735 0.421406 0.220866 0.067141
2 0.388041 0.436809 0.220866 0.077409
3 0.612569 0.434834 0.223307 0.093997
4 0.838926 0.375592 0.222087 0.171406
5 0.165040 0.566746 0.219036 0.106635
6 0.389567 0.593997 0.219036 0.061611
7 0.611043 0.593602 0.221477 0.109795
8 0.836791 0.558847 0.223917 0.128752
9 0.164124 0.746051 0.220866 0.090837
10 0.390482 0.741706 0.215985 0.109005
11 0.613179 0.731438 0.218426 0.123223
12 0.838926 0.730648 0.224527 0.121643
