0 0.167150 0.429234 0.021256 0.044084
0 0.166667 0.540603 0.020290 0.041763
0 0.166667 0.651972 0.018357 0.039443
0 0.167150 0.756961 0.019324 0.040603
1 0.252657 0.440835 0.167150 0.058005
2 0.416908 0.450116 0.161353 0.044084
3 0.581159 0.453016 0.159420 0.070766
4 0.745411 0.433875 0.172947 0.083527
5 0.254106 0.561485 0.166184 0.034803
6 0.417391 0.555104 0.162319 0.056845
7 0.582126 0.563805 0.161353 0.071926
8 0.747343 0.553944 0.167150 0.066125
9 0.251691 0.676334 0.163285 0.048724
10 0.417391 0.675174 0.158454 0.044084
11 0.579710 0.666473 0.164251 0.087007
12 0.748792 0.668213 0.164251 0.055684
