0 0.046170 0.392493 0.027917 0.056534
0 0.046886 0.558387 0.027917 0.056534
0 0.046170 0.723355 0.027917 0.056534
0 0.046886 0.877201 0.027917 0.056534
1 0.163923 0.405005 0.224767 0.092678
2 0.389048 0.431418 0.219757 0.073216
3 0.613457 0.430028 0.216178 0.085264
4 0.839656 0.384152 0.226199 0.193698
5 0.165712 0.581094 0.218325 0.083411
6 0.390480 0.593605 0.219757 0.075070
7 0.614889 0.587118 0.216178 0.097312
8 0.837151 0.552363 0.231210 0.183503
9 0.163923 0.765060 0.221904 0.065802
10 0.388690 0.753939 0.217609 0.063948
11 0.613099 0.727062 0.222620 0.151066
12 0.837151 0.714551 0.231210 0.153846
