0 0.165138 0.430275 0.018960 0.049541
0 0.167278 0.539633 0.018960 0.049541
0 0.167584 0.656697 0.018960 0.049541
0 0.167584 0.758716 0.018960 0.049541
1 0.251835 0.448073 0.165443 0.052844
2 0.417890 0.450826 0.159327 0.053945
3 0.582416 0.458349 0.159327 0.068991
4 0.745719 0.430092 0.172783 0.103486
5 0.252905 0.553211 0.160245 0.081835
6 0.415596 0.556514 0.156575 0.060550
7 0.583792 0.581835 0.160245 0.113394
8 0.748471 0.558165 0.165443 0.098349
9 0.252905 0.659633 0.160245 0.076697
10 0.415138 0.668257 0.161162 0.080734
11 0.581651 0.685872 0.162691 0.105688
12 0.751682 0.664954 0.168196 0.070459
