0 0.044419 0.156173 0.025968 0.080131
0 0.043964 0.389207 0.025968 0.080131
0 0.043964 0.619787 0.025968 0.080131
0 0.044419 0.834015 0.025968 0.080131
1 0.161503 0.172527 0.222779 0.155356
2 0.387016 0.179886 0.218223 0.165168
3 0.610706 0.186018 0.214579 0.167621
4 0.838497 0.188471 0.225513 0.172527
5 0.161048 0.407604 0.219134 0.139820
6 0.387244 0.411693 0.217768 0.151267
7 0.610934 0.419460 0.215034 0.171709
8 0.837813 0.425593 0.223235 0.187244
9 0.161276 0.627146 0.217768 0.166803
10 0.386560 0.626738 0.219134 0.159444
11 0.611390 0.631235 0.219590 0.160262
12 0.836902 0.634096 0.226879 0.165985
