0 0.045682 0.395294 0.029545 0.061176
0 0.046136 0.563529 0.029545 0.061176
0 0.044318 0.729412 0.029545 0.061176
0 0.045227 0.882353 0.029545 0.061176
1 0.162045 0.421765 0.225000 0.080000
2 0.388182 0.421765 0.217273 0.080000
3 0.612500 0.445000 0.219545 0.126471
4 0.838864 0.428824 0.225000 0.078824
5 0.160455 0.593529 0.224545 0.065882
6 0.387727 0.587647 0.218182 0.084706
7 0.611591 0.611176 0.221364 0.129412
8 0.838864 0.588529 0.225000 0.065294
9 0.160227 0.762647 0.222273 0.066471
10 0.386364 0.760882 0.219091 0.086471
11 0.611818 0.774706 0.218182 0.118824
12 0.840682 0.761471 0.223182 0.061765
