0 0.115667 0.412815 0.024321 0.045518
0 0.116233 0.547269 0.025452 0.049720
0 0.115102 0.684174 0.032240 0.043417
0 0.116233 0.807073 0.026584 0.051120
1 0.214932 0.418768 0.186652 0.102241
2 0.405826 0.434174 0.183824 0.068627
3 0.596437 0.435924 0.181561 0.063725
4 0.788744 0.421218 0.187217 0.097339
5 0.213801 0.574230 0.188914 0.043417
6 0.406391 0.561275 0.189480 0.070728
7 0.597002 0.575980 0.179299 0.065126
8 0.784219 0.544118 0.194005 0.119048
9 0.214649 0.713235 0.187217 0.046919
10 0.404695 0.709034 0.182692 0.062325
11 0.594740 0.702031 0.183824 0.067927
12 0.783088 0.677171 0.195136 0.114846
