0 0.115901 0.413363 0.024264 0.051790
0 0.116933 0.550192 0.024264 0.051790
0 0.115901 0.685102 0.024264 0.051790
0 0.115901 0.809143 0.024264 0.051790
1 0.215281 0.431586 0.189985 0.057545
2 0.407331 0.445972 0.181724 0.054348
3 0.594734 0.443414 0.183789 0.053069
4 0.782137 0.428069 0.195147 0.077366
5 0.215281 0.562020 0.187919 0.065217
6 0.405266 0.572251 0.182757 0.054987
7 0.596541 0.584719 0.187403 0.082481
8 0.780589 0.556586 0.197212 0.097826
9 0.215798 0.711957 0.191017 0.056905
10 0.407331 0.707801 0.186887 0.063939
11 0.597832 0.709719 0.182757 0.066496
12 0.786784 0.693095 0.189985 0.078005
