0 0.114497 0.411722 0.031361 0.052747
0 0.116864 0.552381 0.031361 0.052747
0 0.117456 0.684982 0.031361 0.052747
0 0.114497 0.809524 0.031361 0.052747
1 0.213609 0.428938 0.186982 0.063736
2 0.405325 0.445055 0.184615 0.056410
3 0.595858 0.447253 0.184615 0.063736
4 0.784024 0.404396 0.194083 0.121612
5 0.214793 0.559707 0.184615 0.077656
6 0.405030 0.572161 0.185207 0.057143
7 0.593787 0.573626 0.185207 0.092308
8 0.786686 0.545421 0.188757 0.115018
9 0.214497 0.704396 0.188757 0.062271
10 0.408284 0.698901 0.182249 0.068864
11 0.595858 0.700366 0.181065 0.093773
12 0.784024 0.684249 0.190533 0.102564
