0 0.046281 0.394118 0.029752 0.060963
0 0.047107 0.560963 0.029752 0.060963
0 0.047107 0.729947 0.029752 0.060963
0 0.046281 0.881818 0.029752 0.060963
1 0.161983 0.413904 0.221488 0.074866
2 0.390083 0.425134 0.214876 0.063102
3 0.612397 0.424599 0.218182 0.089840
4 0.841322 0.415508 0.223140 0.095187
5 0.165289 0.569519 0.219835 0.105882
6 0.389669 0.586631 0.219008 0.058824
7 0.612397 0.579144 0.223140 0.086631
8 0.838843 0.568449 0.224793 0.097326
9 0.164876 0.740642 0.219008 0.097326
10 0.388843 0.754545 0.217355 0.069519
11 0.612397 0.745989 0.219835 0.086631
12 0.838430 0.735829 0.225620 0.109091
