0 0.907500 0.109576 0.026667 0.101289
0 0.923333 0.319521 0.026667 0.101289
0 0.941667 0.548803 0.030000 0.095764
0 0.968750 0.792818 0.035833 0.112339
1 0.182500 0.108656 0.210000 0.169429
2 0.396667 0.101289 0.210000 0.169429
3 0.597083 0.129834 0.205833 0.233886
4 0.805000 0.119705 0.191667 0.224678
5 0.175000 0.330571 0.215000 0.193370
6 0.393333 0.327808 0.208333 0.191529
7 0.602917 0.350829 0.209167 0.237569
8 0.797917 0.353591 0.167500 0.232044
9 0.161667 0.568140 0.240000 0.226519
10 0.392083 0.571823 0.205833 0.248619
11 0.607917 0.582873 0.212500 0.233886
12 0.822083 0.556169 0.190833 0.173112
