0 0.114975 0.414134 0.023732 0.052178
0 0.116612 0.551925 0.023732 0.052178
0 0.116612 0.684144 0.023732 0.052178
0 0.116612 0.809271 0.023732 0.052178
1 0.214198 0.427052 0.185352 0.084093
2 0.406097 0.438450 0.181260 0.053191
3 0.595540 0.450861 0.182079 0.084093
4 0.789280 0.440476 0.189853 0.059271
5 0.215835 0.567376 0.182079 0.082067
6 0.407733 0.571429 0.184534 0.080041
7 0.595949 0.580041 0.184534 0.105370
8 0.785597 0.563576 0.188216 0.089666
9 0.217676 0.702381 0.185761 0.089666
10 0.407324 0.699341 0.186989 0.072442
11 0.595540 0.709473 0.185352 0.064336
12 0.782529 0.692249 0.182079 0.086626
