0 0.047955 0.393529 0.031364 0.068235
0 0.046136 0.563529 0.031364 0.068235
0 0.045227 0.729412 0.031364 0.068235
0 0.045682 0.884118 0.031364 0.068235
1 0.164091 0.418235 0.225455 0.085882
2 0.388182 0.425000 0.219091 0.062941
3 0.610000 0.426765 0.214545 0.064118
4 0.838636 0.415588 0.229091 0.088824
5 0.162955 0.603824 0.225000 0.065294
6 0.385682 0.583235 0.220455 0.075882
7 0.612045 0.585882 0.224091 0.083529
8 0.840455 0.573235 0.228182 0.085294
9 0.162955 0.761176 0.223182 0.071765
10 0.389545 0.765882 0.218182 0.060000
11 0.609091 0.748529 0.220000 0.085294
12 0.838636 0.749412 0.229091 0.071765
