0 0.044318 0.393824 0.024091 0.053529
0 0.046136 0.557353 0.024091 0.053529
0 0.046136 0.726176 0.024091 0.053529
0 0.045682 0.879118 0.024091 0.053529
1 0.164091 0.409118 0.220909 0.094706
2 0.389773 0.428235 0.218636 0.074118
3 0.610455 0.427647 0.217273 0.072941
4 0.839091 0.396471 0.226364 0.116471
5 0.163182 0.574118 0.219091 0.094118
6 0.388182 0.584412 0.217273 0.078235
7 0.612273 0.592941 0.217273 0.108235
8 0.837045 0.560000 0.222273 0.116471
9 0.163409 0.743824 0.222273 0.094706
10 0.387045 0.756176 0.221364 0.068824
11 0.610455 0.747941 0.222727 0.101765
12 0.838182 0.741176 0.224545 0.096471
