0 0.117115 0.414762 0.025000 0.047619
0 0.115577 0.549048 0.025000 0.047619
0 0.114808 0.683333 0.025000 0.047619
0 0.116731 0.807619 0.025000 0.047619
1 0.213269 0.436429 0.189615 0.053810
2 0.403846 0.438095 0.186154 0.048571
3 0.594808 0.431667 0.185000 0.068095
4 0.782885 0.401190 0.201154 0.154762
5 0.214038 0.558810 0.188077 0.089048
6 0.404615 0.569762 0.184615 0.067143
7 0.595385 0.564762 0.186154 0.080952
8 0.787115 0.552381 0.187308 0.119048
9 0.217308 0.697381 0.186923 0.097619
10 0.406538 0.696190 0.186154 0.105714
11 0.595577 0.679762 0.188846 0.114762
12 0.786154 0.690952 0.185385 0.095238
