0 0.167670 0.427081 0.021405 0.041745
0 0.167224 0.540005 0.021405 0.041745
0 0.167670 0.655071 0.021405 0.041745
0 0.167224 0.757292 0.021405 0.041745
1 0.252843 0.433503 0.163211 0.067434
2 0.418283 0.445812 0.155184 0.064223
3 0.582386 0.444742 0.156968 0.068504
4 0.749610 0.444742 0.163211 0.066363
5 0.254627 0.554455 0.159643 0.075997
6 0.419175 0.554991 0.156968 0.070645
7 0.585507 0.561413 0.163211 0.066363
8 0.750502 0.560878 0.157860 0.061012
9 0.254181 0.672732 0.156968 0.072786
10 0.418729 0.670056 0.163211 0.080278
11 0.582386 0.668986 0.155184 0.065293
12 0.748718 0.666845 0.161427 0.082419
