0 0.046818 0.392353 0.025455 0.057647
0 0.045909 0.558824 0.025455 0.057647
0 0.046818 0.727647 0.025455 0.057647
0 0.045000 0.879412 0.025455 0.057647
1 0.159091 0.419706 0.225455 0.065294
2 0.386136 0.423235 0.221364 0.075882
3 0.610455 0.422353 0.217273 0.060000
4 0.838182 0.409706 0.228182 0.095882
5 0.161818 0.587353 0.225455 0.066471
6 0.386591 0.590588 0.215909 0.060000
7 0.611591 0.596176 0.225000 0.088824
8 0.838636 0.570882 0.227273 0.100588
9 0.163409 0.762941 0.225909 0.045882
10 0.387727 0.761471 0.218182 0.048824
11 0.611364 0.761471 0.225455 0.074706
12 0.834773 0.752353 0.229545 0.103529
