0 0.045682 0.395294 0.029545 0.061176
0 0.044773 0.564118 0.029545 0.061176
0 0.047045 0.728235 0.029545 0.061176
0 0.045227 0.882941 0.029545 0.061176
1 0.162500 0.410294 0.220455 0.101765
2 0.390682 0.424412 0.225909 0.087647
3 0.613409 0.416176 0.223182 0.098235
4 0.838864 0.377059 0.231364 0.165882
5 0.162045 0.592059 0.225000 0.065294
6 0.389318 0.583235 0.223182 0.078235
7 0.612955 0.576471 0.224091 0.130588
8 0.840455 0.572353 0.228182 0.130588
9 0.160455 0.760000 0.226364 0.056471
10 0.388864 0.760882 0.220455 0.075882
11 0.611364 0.731471 0.219091 0.181765
12 0.838182 0.738529 0.228182 0.088824
