0 0.043280 0.388433 0.025513 0.079573
0 0.045103 0.616489 0.025513 0.079573
0 0.044191 0.832240 0.025513 0.079573
0 0.044647 0.155455 0.025513 0.079573
1 0.161959 0.168991 0.220957 0.146021
2 0.387244 0.172272 0.217768 0.149303
3 0.610023 0.174323 0.218679 0.153404
4 0.839863 0.178425 0.228246 0.158326
5 0.163098 0.403610 0.223235 0.141099
6 0.386333 0.407711 0.218679 0.152584
7 0.610478 0.413043 0.224146 0.159967
8 0.838724 0.414274 0.225057 0.165710
9 0.161503 0.627564 0.218223 0.159147
10 0.387699 0.630435 0.216856 0.158326
11 0.610478 0.630845 0.219590 0.162428
12 0.837130 0.633716 0.221868 0.168171
