0 0.047045 0.391471 0.031364 0.064118
0 0.047500 0.564412 0.031364 0.064118
0 0.046591 0.731471 0.031364 0.064118
0 0.046591 0.883235 0.031364 0.064118
1 0.162045 0.419118 0.225000 0.085294
2 0.388864 0.426765 0.222273 0.066471
3 0.611136 0.425000 0.222273 0.065294
4 0.840227 0.405882 0.228636 0.088235
5 0.160455 0.595294 0.224545 0.048235
6 0.386818 0.582353 0.218182 0.076471
7 0.612273 0.589118 0.219091 0.090000
8 0.839773 0.578235 0.221364 0.103529
9 0.159545 0.762941 0.224545 0.056471
10 0.387727 0.762647 0.218182 0.051176
11 0.610455 0.746471 0.223636 0.089412
12 0.838636 0.750294 0.227273 0.071176
