0 0.047273 0.395882 0.030000 0.060000
0 0.046364 0.561765 0.030000 0.060000
0 0.047273 0.726471 0.030000 0.060000
0 0.046364 0.879412 0.030000 0.060000
1 0.164091 0.401471 0.217273 0.110000
2 0.388182 0.426176 0.217273 0.073529
3 0.610455 0.419706 0.219091 0.080588
4 0.838409 0.400882 0.224091 0.098235
5 0.162500 0.592059 0.220455 0.067647
6 0.388182 0.576471 0.217273 0.100000
7 0.611818 0.588824 0.220000 0.080000
8 0.835909 0.571176 0.227273 0.112941
9 0.161591 0.772647 0.222273 0.080588
10 0.387273 0.766471 0.219091 0.058824
11 0.612500 0.743235 0.216818 0.087647
12 0.840227 0.738824 0.222273 0.104706
