0 0.044773 0.395588 0.027727 0.064118
0 0.046591 0.562059 0.027727 0.064118
0 0.044773 0.729118 0.027727 0.064118
0 0.046591 0.882647 0.027727 0.064118
1 0.159545 0.420000 0.226364 0.082353
2 0.387727 0.430000 0.222727 0.075294
3 0.610455 0.423529 0.220909 0.068235
4 0.838864 0.406471 0.225000 0.104706
5 0.162727 0.592353 0.227273 0.068235
6 0.386136 0.579412 0.221364 0.082353
7 0.609091 0.594118 0.220000 0.118824
8 0.836818 0.574412 0.227273 0.095882
9 0.162273 0.762059 0.226364 0.067647
10 0.388182 0.759412 0.219091 0.065882
11 0.611591 0.749118 0.221364 0.101765
12 0.837727 0.753529 0.233636 0.077647
