0 0.047727 0.394118 0.027273 0.058824
0 0.045909 0.561765 0.027273 0.058824
0 0.045909 0.727647 0.027273 0.058824
0 0.046818 0.880588 0.027273 0.058824
1 0.163409 0.424118 0.224091 0.058824
2 0.387727 0.422059 0.216364 0.078235
3 0.610909 0.425000 0.221818 0.078235
4 0.839091 0.423529 0.226364 0.102353
5 0.165000 0.569118 0.222727 0.102941
6 0.389091 0.596176 0.217273 0.086471
7 0.612045 0.605882 0.222273 0.090588
8 0.837727 0.559706 0.223636 0.122941
9 0.164091 0.752941 0.229091 0.078824
10 0.387273 0.754118 0.220909 0.068235
11 0.612955 0.761471 0.220455 0.095882
12 0.837045 0.729412 0.222273 0.115294
