0 0.116097 0.414462 0.024217 0.052910
0 0.116809 0.548501 0.022792 0.049383
0 0.117521 0.682540 0.024217 0.045855
0 0.115385 0.806878 0.022792 0.051146
1 0.214387 0.431217 0.195157 0.061728
2 0.405983 0.443563 0.185185 0.054674
3 0.596154 0.451499 0.186610 0.091711
4 0.785613 0.427690 0.189459 0.093474
5 0.219373 0.562610 0.190883 0.070547
6 0.403846 0.574956 0.183761 0.052910
7 0.596154 0.590829 0.183761 0.098765
8 0.784188 0.552028 0.192308 0.105820
9 0.217236 0.704586 0.192308 0.058201
10 0.405271 0.707231 0.183761 0.081129
11 0.595442 0.707231 0.182336 0.102293
12 0.787037 0.695767 0.189459 0.100529
