0 0.044444 0.395425 0.032323 0.064052
0 0.045455 0.560131 0.032323 0.064052
0 0.047475 0.728758 0.032323 0.064052
0 0.045455 0.880392 0.032323 0.064052
1 0.163636 0.413725 0.220202 0.074510
2 0.387374 0.432026 0.221212 0.071895
3 0.612626 0.433987 0.223232 0.067974
4 0.836869 0.413725 0.225253 0.074510
5 0.162626 0.593464 0.228283 0.054902
6 0.387374 0.588235 0.217172 0.081046
7 0.611616 0.592810 0.219192 0.082353
8 0.841414 0.589542 0.232323 0.086275
9 0.163131 0.762745 0.221212 0.058824
10 0.386869 0.761438 0.220202 0.069281
11 0.613636 0.762092 0.219192 0.065359
12 0.838889 0.764052 0.223232 0.074510
