0 0.046364 0.390294 0.026364 0.061765
0 0.045455 0.561471 0.026364 0.061765
0 0.046364 0.728529 0.026364 0.061765
0 0.047273 0.879706 0.026364 0.061765
1 0.166136 0.417647 0.225000 0.084706
2 0.388636 0.427353 0.216364 0.060588
3 0.612500 0.431471 0.219545 0.060588
4 0.838409 0.418824 0.224091 0.084706
5 0.161591 0.587353 0.224091 0.064118
6 0.389545 0.583824 0.218182 0.090000
7 0.613409 0.590588 0.219545 0.081176
8 0.841364 0.582353 0.220000 0.097647
9 0.163636 0.766471 0.226364 0.058824
10 0.389773 0.759706 0.215909 0.052353
11 0.614545 0.742353 0.225455 0.081176
12 0.836818 0.748529 0.225455 0.077059
