0 0.045682 0.393529 0.029545 0.060000
0 0.046591 0.559412 0.029545 0.060000
0 0.046591 0.728235 0.029545 0.060000
0 0.045682 0.880000 0.029545 0.060000
1 0.162500 0.430000 0.222273 0.060000
2 0.388636 0.428824 0.216364 0.055294
3 0.611818 0.427353 0.216364 0.054706
4 0.838409 0.427353 0.222273 0.065294
5 0.160909 0.587941 0.212727 0.075882
6 0.389773 0.591471 0.218636 0.059412
7 0.612273 0.596765 0.219091 0.087647
8 0.842727 0.595882 0.227273 0.083529
9 0.163409 0.760000 0.222273 0.061176
10 0.387727 0.761471 0.218182 0.064118
11 0.612500 0.750882 0.219545 0.085294
12 0.839318 0.760000 0.225909 0.071765
