0 0.045227 0.392941 0.025909 0.069412
0 0.045682 0.562941 0.025909 0.069412
0 0.045227 0.732941 0.025909 0.069412
0 0.045682 0.881765 0.025909 0.069412
1 0.161818 0.411176 0.225455 0.103529
2 0.387727 0.427353 0.220000 0.057059
3 0.606818 0.429706 0.220000 0.057059
4 0.836136 0.375294 0.224091 0.177647
5 0.162045 0.593529 0.223182 0.068235
6 0.388636 0.581471 0.216364 0.086471
7 0.613409 0.578824 0.216818 0.128235
8 0.835682 0.563235 0.226818 0.122941
9 0.164545 0.767941 0.221818 0.055882
10 0.388636 0.761471 0.218182 0.058235
11 0.608864 0.727353 0.220455 0.186471
12 0.837500 0.743824 0.223182 0.093529
