0 0.041077 0.141903 0.028695 0.095126
0 0.041863 0.351808 0.028695 0.095126
0 0.041077 0.558569 0.028695 0.095126
0 0.039898 0.766903 0.028695 0.095126
1 0.163719 0.147406 0.236242 0.167453
2 0.399961 0.145047 0.240173 0.187893
3 0.636792 0.158019 0.233491 0.220126
4 0.863011 0.151336 0.217374 0.216195
5 0.165291 0.367138 0.230739 0.141509
6 0.401533 0.366352 0.240173 0.146226
7 0.638365 0.383255 0.231918 0.170597
8 0.858687 0.367138 0.220519 0.147799
9 0.161950 0.570755 0.235849 0.154088
10 0.397602 0.569182 0.240173 0.157233
11 0.635024 0.591981 0.240173 0.212264
12 0.861242 0.562893 0.215409 0.163522
