0 0.047500 0.394118 0.025909 0.058824
0 0.046591 0.562941 0.025909 0.058824
0 0.045682 0.727647 0.025909 0.058824
0 0.045682 0.882941 0.025909 0.058824
1 0.163409 0.420294 0.220455 0.066471
2 0.392500 0.424412 0.220455 0.066471
3 0.612045 0.427941 0.220455 0.066471
4 0.835227 0.388824 0.220455 0.142353
5 0.162500 0.592941 0.222273 0.061176
6 0.388182 0.587353 0.219091 0.066471
7 0.613636 0.588529 0.217273 0.099412
8 0.839318 0.560000 0.228636 0.131765
9 0.162045 0.762647 0.223182 0.061765
10 0.388182 0.761471 0.215455 0.066471
11 0.608864 0.734118 0.222273 0.116471
12 0.836136 0.740000 0.222273 0.116471
