0 0.043736 0.100697 0.029157 0.082825
0 0.043736 0.349608 0.026424 0.083697
0 0.044191 0.597210 0.026424 0.083697
0 0.044191 0.818657 0.026424 0.083697
1 0.161048 0.122058 0.223690 0.167393
2 0.386560 0.124673 0.219134 0.176112
3 0.612073 0.125545 0.220957 0.177855
4 0.840547 0.125545 0.228702 0.186574
5 0.162870 0.362249 0.220046 0.168265
6 0.387244 0.362685 0.217768 0.167393
7 0.611162 0.394507 0.220957 0.236269
8 0.839408 0.395379 0.230979 0.229294
9 0.161959 0.604621 0.220957 0.176983
10 0.386560 0.623801 0.219134 0.210113
11 0.611390 0.636879 0.219590 0.265911
12 0.841458 0.646033 0.231435 0.251090
