0 0.045455 0.391765 0.028182 0.061176
0 0.046818 0.562941 0.028182 0.061176
0 0.045000 0.730000 0.028182 0.061176
0 0.045000 0.879412 0.028182 0.061176
1 0.162955 0.426176 0.223182 0.062941
2 0.390455 0.431176 0.219091 0.068235
3 0.612727 0.432647 0.218182 0.060588
4 0.836364 0.414412 0.218182 0.097059
5 0.165000 0.590882 0.220909 0.065294
6 0.390682 0.591471 0.220455 0.068824
7 0.611364 0.587353 0.220909 0.066471
8 0.838409 0.576471 0.224091 0.094118
9 0.166364 0.762647 0.220000 0.048824
10 0.389318 0.759706 0.216818 0.075882
11 0.612955 0.757353 0.218636 0.064118
12 0.837727 0.738529 0.222727 0.097059
