0 0.046818 0.395000 0.029091 0.065294
0 0.045455 0.560294 0.029091 0.065294
0 0.046364 0.725588 0.029091 0.065294
0 0.046364 0.882647 0.029091 0.065294
1 0.159091 0.417647 0.227273 0.080000
2 0.389773 0.432059 0.217727 0.064118
3 0.611364 0.445588 0.215455 0.062941
4 0.836818 0.394706 0.229091 0.136471
5 0.164318 0.581176 0.222273 0.103529
6 0.387273 0.596471 0.219091 0.071765
7 0.610909 0.598235 0.214545 0.129412
8 0.842273 0.559412 0.228182 0.167059
9 0.164091 0.754412 0.220909 0.078235
10 0.389091 0.751765 0.219091 0.085882
11 0.611591 0.750882 0.221364 0.100588
12 0.838409 0.720882 0.230455 0.119412
