0 0.044773 0.395000 0.027727 0.065294
0 0.046136 0.562647 0.027727 0.065294
0 0.047500 0.729118 0.027727 0.065294
0 0.048864 0.878529 0.027727 0.065294
1 0.160455 0.420000 0.228182 0.092941
2 0.388182 0.430000 0.215455 0.062353
3 0.610909 0.431471 0.218182 0.067647
4 0.837273 0.418529 0.226364 0.075882
5 0.163409 0.577059 0.224091 0.103529
6 0.389091 0.594706 0.219091 0.070588
7 0.611818 0.595588 0.218182 0.061765
8 0.843409 0.570000 0.234091 0.109412
9 0.162045 0.757647 0.221364 0.067059
10 0.386364 0.760000 0.219091 0.074118
11 0.611364 0.773824 0.219091 0.097059
12 0.840682 0.723529 0.229545 0.129412
