0 0.045682 0.394118 0.031364 0.069412
0 0.045682 0.562353 0.031364 0.069412
0 0.044773 0.726471 0.031364 0.069412
0 0.045682 0.885294 0.031364 0.069412
1 0.154545 0.410882 0.236364 0.087647
2 0.388636 0.431765 0.220000 0.069412
3 0.612045 0.431471 0.220455 0.060588
4 0.837273 0.428235 0.220000 0.058824
5 0.162045 0.592059 0.221364 0.050000
6 0.387727 0.584412 0.220000 0.101765
7 0.612500 0.618824 0.216818 0.127059
8 0.839773 0.594118 0.225000 0.064706
9 0.163409 0.763529 0.225909 0.081176
10 0.390227 0.761471 0.216818 0.068824
11 0.611364 0.773235 0.220909 0.081765
12 0.839318 0.759706 0.225909 0.054706
