0 0.047273 0.393824 0.030000 0.064118
0 0.045455 0.558529 0.030000 0.064118
0 0.045455 0.726176 0.030000 0.064118
0 0.047273 0.884412 0.030000 0.064118
1 0.162045 0.413235 0.225000 0.086471
2 0.390227 0.430000 0.221364 0.062353
3 0.614091 0.437647 0.216364 0.081176
4 0.840227 0.402059 0.220455 0.147647
5 0.162955 0.600588 0.223182 0.069412
6 0.390227 0.571765 0.215000 0.095294
7 0.611364 0.592059 0.219091 0.060588
8 0.838182 0.569412 0.224545 0.097647
9 0.162955 0.771176 0.227727 0.089412
10 0.388409 0.768824 0.215000 0.068235
11 0.611364 0.752647 0.219091 0.099412
12 0.837727 0.745000 0.225455 0.091176
