0 0.046364 0.392941 0.030000 0.061176
0 0.046364 0.561765 0.030000 0.061176
0 0.047273 0.728824 0.030000 0.061176
0 0.046364 0.880588 0.030000 0.061176
1 0.162273 0.426471 0.226364 0.058824
2 0.388636 0.425588 0.220000 0.061765
3 0.611818 0.433235 0.216364 0.061765
4 0.837727 0.425588 0.229091 0.077059
5 0.165455 0.590882 0.221818 0.060588
6 0.389773 0.592941 0.215909 0.067059
7 0.613409 0.587647 0.219545 0.144706
8 0.838182 0.592353 0.221818 0.070588
9 0.165000 0.756765 0.219091 0.067647
10 0.390227 0.762059 0.219545 0.054706
11 0.612045 0.756765 0.222273 0.133529
12 0.837045 0.752353 0.224091 0.084706
