0 0.047294 0.107852 0.027285 0.088007
0 0.046385 0.356342 0.027285 0.088007
0 0.046385 0.600518 0.027285 0.088007
0 0.046385 0.823986 0.027285 0.088007
1 0.160982 0.121657 0.219191 0.174288
2 0.388586 0.135893 0.219645 0.185505
3 0.610960 0.161346 0.214188 0.220880
4 0.842428 0.159620 0.229650 0.212252
5 0.160982 0.370147 0.220100 0.182916
6 0.388358 0.374461 0.217372 0.188093
7 0.611869 0.418896 0.220555 0.271786
8 0.840382 0.379206 0.229195 0.226920
9 0.163256 0.632010 0.220100 0.232097
10 0.388131 0.625539 0.215098 0.248490
11 0.613006 0.641070 0.216462 0.210526
12 0.842656 0.635462 0.229195 0.221743
