0 0.045909 0.397353 0.029091 0.065294
0 0.046364 0.565000 0.029091 0.065294
0 0.045455 0.729118 0.029091 0.065294
0 0.046364 0.880882 0.029091 0.065294
1 0.163864 0.420294 0.221364 0.079412
2 0.388409 0.424412 0.221364 0.079412
3 0.608864 0.422059 0.221364 0.079412
4 0.839545 0.402647 0.233636 0.112353
5 0.164318 0.590294 0.222273 0.066471
6 0.388636 0.590882 0.218182 0.084118
7 0.610000 0.585294 0.224545 0.105882
8 0.835455 0.574706 0.227273 0.084706
9 0.162955 0.763529 0.223182 0.057647
10 0.386591 0.761176 0.220455 0.058824
11 0.608864 0.740588 0.225909 0.114118
12 0.838182 0.753529 0.220000 0.087059
