0 0.046818 0.393235 0.031818 0.062941
0 0.046818 0.560294 0.031818 0.062941
0 0.045909 0.729118 0.031818 0.062941
0 0.045455 0.883235 0.031818 0.062941
1 0.162273 0.419118 0.226364 0.079412
2 0.389091 0.426765 0.217273 0.079412
3 0.611818 0.433235 0.218182 0.072353
4 0.839773 0.424706 0.226818 0.138824
5 0.163182 0.582941 0.217273 0.089412
6 0.388636 0.597353 0.218182 0.075882
7 0.611818 0.609118 0.218182 0.138235
8 0.838182 0.570882 0.224545 0.134706
9 0.162045 0.746176 0.219545 0.088824
10 0.383636 0.748235 0.221818 0.082353
11 0.610455 0.779118 0.215455 0.151176
12 0.838409 0.736765 0.224091 0.113529
