0 0.047294 0.147887 0.025466 0.088650
0 0.045020 0.385667 0.025466 0.088650
0 0.046385 0.618476 0.025466 0.088650
0 0.044566 0.833057 0.025466 0.088650
1 0.162119 0.161143 0.222374 0.148302
2 0.388813 0.165286 0.218281 0.163215
3 0.613233 0.178128 0.219645 0.190555
4 0.840837 0.179785 0.226467 0.183927
5 0.162347 0.397680 0.221919 0.172328
6 0.387676 0.400580 0.218736 0.181442
7 0.613915 0.405137 0.218281 0.183927
8 0.839700 0.408451 0.228740 0.182270
9 0.164393 0.621375 0.224193 0.175642
10 0.388358 0.623032 0.215553 0.173985
11 0.611869 0.625932 0.218736 0.171500
12 0.839245 0.628832 0.227831 0.177299
