0 0.042597 0.158626 0.028702 0.083401
0 0.042597 0.387980 0.030524 0.087490
0 0.042597 0.623467 0.030524 0.087490
0 0.044875 0.835241 0.030524 0.087490
1 0.159681 0.171300 0.220957 0.149632
2 0.387016 0.187653 0.220046 0.174162
3 0.611845 0.190515 0.216856 0.179886
4 0.840319 0.195421 0.229157 0.186427
5 0.161959 0.399019 0.219134 0.148814
6 0.387472 0.403925 0.219134 0.158626
7 0.610251 0.427228 0.215490 0.205233
8 0.839408 0.428863 0.226424 0.201962
9 0.161503 0.627146 0.217312 0.171709
10 0.387472 0.625102 0.219134 0.164350
11 0.610934 0.630826 0.216856 0.167621
12 0.839408 0.634914 0.226424 0.167621
