0 0.045686 0.391657 0.027365 0.063025
0 0.045686 0.560924 0.027365 0.063025
0 0.046150 0.727791 0.027365 0.063025
0 0.046150 0.882053 0.027365 0.063025
1 0.163265 0.415666 0.222635 0.077431
2 0.387291 0.430672 0.218924 0.069028
3 0.612709 0.428571 0.217069 0.064826
4 0.837662 0.402461 0.224490 0.097839
5 0.164657 0.572329 0.221707 0.085834
6 0.386596 0.587335 0.224026 0.061825
7 0.611549 0.582533 0.221243 0.084634
8 0.837199 0.567827 0.225417 0.092437
9 0.161178 0.756603 0.228664 0.053421
10 0.387523 0.753301 0.220315 0.076831
11 0.611781 0.746098 0.218924 0.079232
12 0.839286 0.741597 0.223098 0.099040
