0 0.049318 0.392353 0.030455 0.057647
0 0.047045 0.562353 0.030455 0.057647
0 0.045227 0.727647 0.030455 0.057647
0 0.046136 0.879412 0.030455 0.057647
1 0.162045 0.417353 0.223182 0.087647
2 0.389091 0.424118 0.219091 0.082353
3 0.612273 0.428235 0.217273 0.067059
4 0.840682 0.428529 0.223182 0.088824
5 0.162273 0.588235 0.218182 0.064706
6 0.390227 0.584706 0.215000 0.071765
7 0.613636 0.597941 0.211818 0.087647
8 0.836136 0.584412 0.225909 0.088824
9 0.160909 0.762059 0.223636 0.060588
10 0.389091 0.755294 0.217273 0.083529
11 0.611591 0.763529 0.211364 0.083529
12 0.839318 0.751471 0.225909 0.086471
