0 0.046157 0.131868 0.025011 0.084531
0 0.044793 0.371090 0.025011 0.084531
0 0.046157 0.606086 0.025011 0.084531
0 0.045248 0.827557 0.025011 0.084531
1 0.164166 0.142012 0.221919 0.170752
2 0.389040 0.147929 0.220555 0.175824
3 0.612779 0.153001 0.218736 0.177515
4 0.838336 0.154269 0.225102 0.174979
5 0.162801 0.372781 0.221010 0.170752
6 0.387221 0.380389 0.217826 0.177515
7 0.612324 0.411665 0.219645 0.228233
8 0.839927 0.409552 0.226467 0.212172
9 0.164166 0.619189 0.221919 0.169907
10 0.388813 0.620456 0.221010 0.167371
11 0.613233 0.647084 0.219645 0.217244
12 0.842201 0.630178 0.226467 0.203719
