0 0.046364 0.397059 0.024545 0.058824
0 0.045455 0.561765 0.024545 0.058824
0 0.045455 0.730588 0.024545 0.058824
0 0.046364 0.880588 0.024545 0.058824
1 0.160455 0.421471 0.222727 0.072353
2 0.387273 0.427647 0.217273 0.057647
3 0.611364 0.431471 0.215455 0.054706
4 0.838636 0.414412 0.225455 0.070000
5 0.160455 0.584412 0.221818 0.073529
6 0.387727 0.588824 0.216364 0.071765
7 0.611818 0.590882 0.218182 0.062941
8 0.839091 0.581176 0.226364 0.103529
9 0.164318 0.759118 0.224091 0.064118
10 0.386818 0.757941 0.220000 0.078235
11 0.611818 0.757353 0.218182 0.077059
12 0.837273 0.751471 0.230000 0.086471
