0 0.046364 0.389706 0.028182 0.060588
0 0.045455 0.562059 0.028182 0.060588
0 0.047727 0.726765 0.028182 0.060588
0 0.045000 0.880882 0.028182 0.060588
1 0.161364 0.407353 0.224545 0.108824
2 0.384773 0.425294 0.225909 0.065882
3 0.609318 0.424118 0.225909 0.065882
4 0.836591 0.414412 0.225909 0.084118
5 0.162500 0.589706 0.220455 0.067647
6 0.387727 0.577059 0.220000 0.103529
7 0.610000 0.586471 0.220000 0.103529
8 0.842727 0.590000 0.247273 0.097647
9 0.163409 0.761471 0.224091 0.058235
10 0.387955 0.760294 0.224091 0.058235
11 0.612273 0.750882 0.227273 0.077059
12 0.842273 0.745882 0.236364 0.090588
