0 0.045227 0.393529 0.025909 0.068235
0 0.043409 0.563529 0.025909 0.068235
0 0.046136 0.730000 0.025909 0.068235
0 0.045682 0.884118 0.025909 0.068235
1 0.162955 0.418529 0.223182 0.088824
2 0.389773 0.422647 0.223182 0.088824
3 0.608409 0.422647 0.223182 0.088824
4 0.838409 0.411471 0.230455 0.108824
5 0.162045 0.581471 0.223182 0.088824
6 0.385682 0.582647 0.223182 0.088824
7 0.612045 0.586176 0.223182 0.088824
8 0.836818 0.580294 0.224545 0.106471
9 0.160455 0.763235 0.224545 0.054706
10 0.389318 0.761471 0.216818 0.058235
11 0.612500 0.750294 0.223182 0.101765
12 0.840227 0.750882 0.220455 0.079412
