0 0.043884 0.102005 0.025921 0.085440
0 0.045703 0.346992 0.025921 0.085440
0 0.045703 0.593723 0.025921 0.085440
0 0.044793 0.823017 0.025921 0.085440
1 0.163256 0.108980 0.219191 0.172624
2 0.387904 0.119878 0.216462 0.194420
3 0.611869 0.120750 0.218736 0.199651
4 0.838790 0.128160 0.226012 0.205754
5 0.163029 0.346556 0.219645 0.203139
6 0.387904 0.346992 0.216462 0.204010
7 0.611869 0.350044 0.220555 0.210113
8 0.839472 0.349608 0.227376 0.205754
9 0.163256 0.607236 0.219191 0.176983
10 0.388358 0.608108 0.221919 0.175240
11 0.611187 0.608544 0.217372 0.174368
12 0.837426 0.612467 0.226012 0.187446
