0 0.044773 0.395588 0.031364 0.055882
0 0.045682 0.560294 0.031364 0.055882
0 0.046591 0.728529 0.031364 0.055882
0 0.045682 0.879118 0.031364 0.055882
1 0.162045 0.410294 0.225000 0.101765
2 0.386136 0.415588 0.225000 0.101765
3 0.615682 0.423235 0.225000 0.101765
4 0.837045 0.403824 0.226818 0.151176
5 0.162500 0.592647 0.224091 0.079412
6 0.386591 0.581765 0.222273 0.096471
7 0.613409 0.602059 0.215000 0.095882
8 0.838182 0.574118 0.221818 0.104706
9 0.161364 0.762059 0.224545 0.073529
10 0.388182 0.767353 0.215455 0.071176
11 0.612500 0.745588 0.221364 0.137059
12 0.838182 0.749412 0.224545 0.082353
