0 0.043280 0.102877 0.025513 0.092415
0 0.045103 0.347864 0.025513 0.092415
0 0.044191 0.597210 0.025513 0.092415
0 0.044647 0.823017 0.025513 0.092415
1 0.160820 0.115083 0.218679 0.165650
2 0.387699 0.126853 0.218679 0.189189
3 0.610934 0.136007 0.215034 0.195292
4 0.841230 0.113339 0.230068 0.223191
5 0.161048 0.344813 0.220957 0.199651
6 0.386105 0.350480 0.215490 0.204010
7 0.610023 0.365737 0.218679 0.241500
8 0.839863 0.353095 0.227335 0.212729
9 0.160820 0.609416 0.218679 0.176112
10 0.386560 0.603749 0.220957 0.183958
11 0.609795 0.605929 0.216401 0.183086
12 0.842597 0.609852 0.232802 0.187446
