0 0.045000 0.392059 0.027273 0.065294
0 0.046818 0.562059 0.027273 0.065294
0 0.046364 0.730882 0.027273 0.065294
0 0.045455 0.878529 0.027273 0.065294
1 0.163864 0.424118 0.225000 0.063529
2 0.388864 0.427353 0.214091 0.067647
3 0.612955 0.424706 0.217727 0.057647
4 0.838864 0.433235 0.223182 0.090000
5 0.162955 0.579118 0.223182 0.088824
6 0.389773 0.600000 0.218636 0.062353
7 0.609545 0.604118 0.217273 0.096471
8 0.840227 0.565882 0.224091 0.151765
9 0.164091 0.749706 0.220909 0.081765
10 0.389318 0.750882 0.219545 0.074706
11 0.612955 0.763529 0.217727 0.096471
12 0.834318 0.726765 0.230455 0.122941
