0 0.043508 0.127219 0.028702 0.088757
0 0.044419 0.366441 0.028702 0.088757
0 0.044419 0.610735 0.028702 0.088757
0 0.044875 0.830516 0.028702 0.088757
1 0.160820 0.147929 0.221412 0.153846
2 0.387016 0.152156 0.220046 0.167371
3 0.612984 0.153001 0.220957 0.165680
4 0.839863 0.154269 0.227335 0.166526
5 0.161276 0.389265 0.217768 0.141167
6 0.387244 0.407439 0.217768 0.187658
7 0.611390 0.402790 0.217768 0.193576
8 0.839863 0.405748 0.227335 0.199493
9 0.161048 0.612849 0.219134 0.163990
10 0.387016 0.622992 0.217312 0.169062
11 0.610934 0.629755 0.220501 0.177515
12 0.838724 0.633559 0.227790 0.181741
