0 0.045020 0.158326 0.027285 0.085316
0 0.045930 0.384742 0.027285 0.085316
0 0.045475 0.619360 0.027285 0.085316
0 0.045930 0.833470 0.027285 0.085316
1 0.163256 0.172683 0.220100 0.158326
2 0.387676 0.176784 0.220555 0.161608
3 0.611187 0.180476 0.219191 0.165710
4 0.838108 0.180476 0.225557 0.165710
5 0.163029 0.399918 0.219645 0.159967
6 0.386767 0.403610 0.214188 0.164069
7 0.610960 0.420837 0.220555 0.193601
8 0.838336 0.420427 0.229650 0.189500
9 0.162801 0.646021 0.216462 0.196062
10 0.389040 0.646432 0.220555 0.193601
11 0.611187 0.649713 0.215553 0.195242
12 0.840382 0.651764 0.229195 0.199344
