0 0.045909 0.392941 0.029091 0.058824
0 0.046818 0.560000 0.029091 0.058824
0 0.046818 0.728824 0.029091 0.058824
0 0.047727 0.879412 0.029091 0.058824
1 0.158864 0.420294 0.225000 0.077059
2 0.388409 0.426765 0.221364 0.064118
3 0.612500 0.428235 0.221364 0.069412
4 0.838864 0.405882 0.221364 0.114118
5 0.162955 0.579706 0.223182 0.100588
6 0.388409 0.587059 0.223182 0.062353
7 0.611364 0.597941 0.220909 0.121765
8 0.838182 0.567353 0.224545 0.114706
9 0.162500 0.754118 0.222273 0.060000
10 0.388409 0.749706 0.221364 0.072353
11 0.608409 0.736765 0.213182 0.126471
12 0.838182 0.749118 0.221818 0.091176
