0 0.045455 0.392059 0.028182 0.062941
0 0.045909 0.565000 0.028182 0.062941
0 0.046818 0.727353 0.028182 0.062941
0 0.045000 0.881471 0.028182 0.062941
1 0.161364 0.404706 0.224545 0.103529
2 0.387727 0.432353 0.224545 0.103529
3 0.610000 0.436471 0.224545 0.103529
4 0.837273 0.367941 0.222727 0.175882
5 0.162045 0.580882 0.228636 0.090000
6 0.387500 0.582647 0.228636 0.090000
7 0.608409 0.586471 0.219545 0.089412
8 0.838636 0.546471 0.217273 0.160000
9 0.162045 0.761471 0.225000 0.064118
10 0.387727 0.761765 0.214545 0.070588
11 0.612045 0.732353 0.220455 0.129412
12 0.837955 0.725294 0.230455 0.154118
