0 0.046364 0.397353 0.028182 0.062941
0 0.045909 0.561471 0.028182 0.062941
0 0.046364 0.728529 0.028182 0.062941
0 0.046364 0.880294 0.028182 0.062941
1 0.159091 0.417647 0.229091 0.084706
2 0.383182 0.434706 0.229091 0.084706
3 0.610000 0.437059 0.218182 0.084706
4 0.835682 0.382353 0.227727 0.157647
5 0.163636 0.572647 0.220000 0.104118
6 0.388636 0.596176 0.220000 0.065294
7 0.611136 0.598824 0.222273 0.117647
8 0.836818 0.564118 0.229091 0.124706
9 0.163864 0.752353 0.223182 0.090588
10 0.388182 0.749412 0.210909 0.092941
11 0.610455 0.732353 0.217273 0.129412
12 0.838182 0.732059 0.226364 0.122941
