0 0.046591 0.394706 0.031364 0.062353
0 0.045682 0.562941 0.031364 0.062353
0 0.043409 0.728235 0.031364 0.062353
0 0.045682 0.883529 0.031364 0.062353
1 0.161591 0.411176 0.222273 0.092941
2 0.389773 0.427941 0.215909 0.061765
3 0.612045 0.424118 0.215909 0.082353
4 0.836136 0.387647 0.228636 0.148235
5 0.162955 0.584118 0.219545 0.083529
6 0.390455 0.594412 0.209091 0.064118
7 0.611818 0.590882 0.220000 0.117059
8 0.837727 0.552941 0.223636 0.132941
9 0.163182 0.755588 0.219091 0.070000
10 0.389091 0.752059 0.219091 0.074706
11 0.613864 0.747647 0.212273 0.149412
12 0.835227 0.733235 0.228636 0.114706
