0 0.044191 0.211051 0.027335 0.078281
0 0.042825 0.429010 0.027335 0.078281
0 0.044191 0.646201 0.027335 0.078281
0 0.045103 0.846508 0.027335 0.078281
1 0.161048 0.221796 0.219134 0.173446
2 0.387016 0.226784 0.217312 0.174213
3 0.610251 0.228319 0.220046 0.175748
4 0.834396 0.178051 0.236446 0.288565
5 0.160592 0.422103 0.220046 0.167306
6 0.387472 0.431312 0.219134 0.181120
7 0.610934 0.438603 0.220501 0.200307
8 0.851025 0.434766 0.252392 0.226401
9 0.161959 0.652724 0.220957 0.157329
10 0.387016 0.657713 0.218223 0.159632
11 0.610251 0.660015 0.221868 0.196470
12 0.847153 0.661550 0.241913 0.196470
