0 0.048864 0.395588 0.029545 0.061765
0 0.047955 0.560294 0.029545 0.061765
0 0.047045 0.729118 0.029545 0.061765
0 0.044773 0.883824 0.029545 0.061765
1 0.164545 0.416176 0.221818 0.090000
2 0.388636 0.425588 0.218182 0.055882
3 0.612273 0.428235 0.217273 0.061176
4 0.840455 0.435294 0.228182 0.081176
5 0.162500 0.595000 0.220455 0.065294
6 0.388636 0.577941 0.220000 0.088824
7 0.611818 0.591471 0.220000 0.058235
8 0.836591 0.551471 0.229545 0.146471
9 0.163409 0.764706 0.220455 0.078824
10 0.390455 0.766471 0.219091 0.061176
11 0.611818 0.766471 0.220000 0.069412
12 0.837273 0.717941 0.228182 0.159412
