0 0.047847 0.394737 0.027113 0.056760
0 0.045455 0.560888 0.027113 0.056760
0 0.045455 0.726006 0.027113 0.056760
0 0.045853 0.882353 0.027911 0.063983
1 0.163876 0.424149 0.222488 0.053664
2 0.389553 0.422601 0.214514 0.065015
3 0.613238 0.433953 0.218501 0.065015
4 0.841308 0.379257 0.220096 0.164087
5 0.164673 0.570175 0.217703 0.093911
6 0.387959 0.593911 0.216108 0.062951
7 0.612839 0.611971 0.222488 0.167183
8 0.841308 0.574819 0.223285 0.140351
9 0.165869 0.740454 0.220096 0.108359
10 0.387560 0.739938 0.221691 0.107327
11 0.612041 0.775542 0.217703 0.147575
12 0.837321 0.743034 0.228070 0.103199
