0 0.046364 0.394118 0.026364 0.058824
0 0.046364 0.560000 0.026364 0.058824
0 0.046364 0.726471 0.026364 0.058824
0 0.046818 0.877059 0.026364 0.058824
1 0.163409 0.415588 0.224091 0.080588
2 0.389773 0.423235 0.224091 0.080588
3 0.610227 0.415588 0.224091 0.080588
4 0.838864 0.406765 0.226818 0.090000
5 0.163182 0.567059 0.226364 0.109412
6 0.390227 0.587059 0.216818 0.068235
7 0.607955 0.584412 0.222273 0.104118
8 0.837727 0.572353 0.227273 0.104706
9 0.164318 0.755588 0.222273 0.070000
10 0.387727 0.753824 0.221818 0.066471
11 0.610455 0.745588 0.219091 0.074706
12 0.837955 0.740000 0.223182 0.120000
