0 0.045227 0.396765 0.028636 0.064118
0 0.046591 0.561471 0.028636 0.064118
0 0.047045 0.727941 0.028636 0.064118
0 0.044773 0.879706 0.028636 0.064118
1 0.159773 0.424412 0.221364 0.064118
2 0.389091 0.428529 0.219091 0.065294
3 0.612955 0.430882 0.217727 0.077059
4 0.837500 0.411765 0.231364 0.102353
5 0.163409 0.580882 0.222273 0.074706
6 0.386136 0.593529 0.215000 0.047059
7 0.612955 0.596471 0.217727 0.069412
8 0.839318 0.583235 0.228636 0.088824
9 0.163409 0.750294 0.222273 0.074706
10 0.385682 0.750294 0.222273 0.074706
11 0.607955 0.756176 0.222273 0.074706
12 0.843182 0.740588 0.238182 0.114118
