0 0.046364 0.392941 0.028182 0.058824
0 0.044545 0.727647 0.028182 0.058824
0 0.045000 0.555294 0.028182 0.058824
0 0.047727 0.880588 0.028182 0.058824
1 0.162500 0.410294 0.222273 0.099412
2 0.388409 0.429118 0.221364 0.064118
3 0.610000 0.429706 0.218182 0.064118
4 0.838636 0.407059 0.220909 0.127059
5 0.163864 0.572941 0.225000 0.092941
6 0.388636 0.587647 0.220000 0.084706
7 0.612955 0.593529 0.218636 0.112941
8 0.839091 0.560000 0.226364 0.116471
9 0.162045 0.740000 0.225000 0.085882
10 0.388182 0.752941 0.219091 0.068235
11 0.611818 0.748235 0.218182 0.095294
12 0.838864 0.742059 0.223182 0.090000
