0 0.047273 0.397353 0.030000 0.067647
0 0.047273 0.563824 0.030000 0.067647
0 0.045455 0.727353 0.030000 0.067647
0 0.047273 0.880294 0.030000 0.067647
1 0.162045 0.403235 0.225000 0.124118
2 0.389318 0.433824 0.225000 0.124118
3 0.607045 0.418235 0.224091 0.100000
4 0.840682 0.407941 0.225000 0.141765
5 0.163864 0.576765 0.225000 0.141765
6 0.385909 0.566176 0.218182 0.114706
7 0.615682 0.593529 0.223182 0.117647
8 0.839545 0.570294 0.230000 0.150000
9 0.165000 0.765294 0.220909 0.058824
10 0.391591 0.754412 0.212273 0.067647
11 0.614091 0.762353 0.220000 0.107059
12 0.841364 0.730294 0.228182 0.125294
