0 0.046364 0.394118 0.028182 0.063529
0 0.047727 0.561765 0.027273 0.058824
0 0.046818 0.730588 0.027273 0.058824
0 0.045000 0.877647 0.027273 0.058824
1 0.162955 0.420882 0.225000 0.075882
2 0.388636 0.430882 0.218182 0.066471
3 0.611364 0.424706 0.217273 0.083529
4 0.837273 0.406765 0.220000 0.122941
5 0.159318 0.582353 0.232273 0.071765
6 0.389318 0.597353 0.221364 0.065294
7 0.612500 0.597353 0.216818 0.062941
8 0.839773 0.581471 0.219545 0.125294
9 0.162500 0.760882 0.225909 0.052353
10 0.390455 0.757353 0.217273 0.061765
11 0.614545 0.746471 0.217273 0.078824
12 0.837727 0.747647 0.222727 0.081176
