0 0.047273 0.393529 0.026364 0.057647
0 0.047273 0.561176 0.028182 0.058824
0 0.044773 0.727353 0.026818 0.055882
0 0.046591 0.879118 0.026818 0.055882
1 0.163409 0.402647 0.225909 0.110000
2 0.389545 0.431471 0.218182 0.080588
3 0.612955 0.431176 0.217727 0.068235
4 0.836591 0.404412 0.221364 0.100588
5 0.164091 0.571765 0.217273 0.097647
6 0.387727 0.577647 0.218182 0.081176
7 0.611818 0.563235 0.220000 0.133529
8 0.837727 0.574412 0.223636 0.102941
9 0.161364 0.756176 0.218182 0.061765
10 0.387500 0.756176 0.214091 0.058235
11 0.610455 0.728824 0.220909 0.114118
12 0.838636 0.741176 0.227273 0.088235
