0 0.014525 0.181329 0.027787 0.094304
0 0.014051 0.409810 0.027471 0.094304
0 0.014051 0.640823 0.027471 0.094304
0 0.014051 0.878165 0.027471 0.094304
1 0.144932 0.187025 0.242501 0.136076
2 0.389485 0.219620 0.240290 0.175949
3 0.633881 0.203797 0.244080 0.141772
4 0.879539 0.149684 0.240922 0.185443
5 0.149195 0.427848 0.244711 0.139241
6 0.392643 0.425316 0.237133 0.106329
7 0.636249 0.420886 0.239343 0.103797
8 0.877644 0.393987 0.240290 0.157595
9 0.151879 0.663291 0.241238 0.127848
10 0.393748 0.662342 0.241238 0.123418
11 0.635617 0.674051 0.238080 0.155696
12 0.878118 0.652215 0.238080 0.131013
