0 0.040849 0.109957 0.028754 0.086580
0 0.040849 0.352381 0.028754 0.086580
0 0.042675 0.599134 0.028754 0.086580
0 0.041762 0.824242 0.028754 0.086580
1 0.159060 0.122511 0.221360 0.149784
2 0.386125 0.132468 0.219078 0.173160
3 0.610680 0.138528 0.219991 0.181818
4 0.838886 0.145887 0.229119 0.196537
5 0.160885 0.362338 0.218622 0.189610
6 0.385669 0.367965 0.218165 0.200866
7 0.609767 0.396104 0.218165 0.248485
8 0.840484 0.401299 0.230488 0.255411
9 0.160429 0.613853 0.219534 0.211255
10 0.386810 0.625974 0.217709 0.228571
11 0.610452 0.644156 0.222273 0.259740
12 0.841625 0.647186 0.232770 0.257143
