0 0.043508 0.129332 0.026879 0.087912
0 0.043508 0.371090 0.026879 0.087912
0 0.044419 0.610313 0.026879 0.087912
0 0.044875 0.829248 0.026879 0.087912
1 0.160820 0.147506 0.221412 0.183432
2 0.387016 0.158918 0.217312 0.197802
3 0.610251 0.147506 0.220046 0.183432
4 0.846014 0.154269 0.237813 0.191885
5 0.162642 0.378698 0.220501 0.207946
6 0.388155 0.387997 0.219590 0.214708
7 0.611845 0.398140 0.218679 0.234996
8 0.848975 0.401522 0.245558 0.236686
9 0.159909 0.609467 0.218679 0.187658
10 0.387016 0.612003 0.218223 0.199493
11 0.612073 0.620034 0.216401 0.212172
12 0.841002 0.627642 0.229613 0.230769
