0 0.043508 0.101050 0.026879 0.091864
0 0.043964 0.348644 0.026879 0.091864
0 0.044419 0.597113 0.026879 0.091864
0 0.043508 0.823710 0.026879 0.091864
1 0.161503 0.117235 0.220046 0.166229
2 0.386788 0.125109 0.217768 0.176728
3 0.611617 0.122922 0.221868 0.181102
4 0.840547 0.125109 0.231435 0.188976
5 0.161959 0.349081 0.220957 0.211724
6 0.387472 0.349081 0.219134 0.218723
7 0.612984 0.381015 0.220957 0.266842
8 0.840091 0.376640 0.227790 0.275591
9 0.161503 0.601050 0.220046 0.227472
10 0.386105 0.606299 0.220046 0.239720
11 0.611617 0.608924 0.221868 0.243220
12 0.842597 0.611549 0.230979 0.236220
