0 0.041762 0.151764 0.026928 0.083675
0 0.040849 0.388023 0.026928 0.083675
0 0.040849 0.618540 0.026928 0.083675
0 0.042218 0.832650 0.026928 0.083675
1 0.160885 0.158737 0.220447 0.166530
2 0.386810 0.165710 0.220447 0.183757
3 0.610224 0.179245 0.219078 0.207547
4 0.838886 0.180066 0.229119 0.205906
5 0.162026 0.400328 0.220904 0.157506
6 0.385897 0.398687 0.220447 0.182116
7 0.611821 0.423708 0.220447 0.223954
8 0.840484 0.426989 0.233227 0.214110
9 0.160201 0.623872 0.221817 0.187859
10 0.387723 0.631665 0.220447 0.211649
11 0.612049 0.648482 0.223642 0.217391
12 0.841625 0.644791 0.232770 0.213290
