0 0.043508 0.158217 0.024146 0.095666
0 0.043052 0.391251 0.024146 0.095666
0 0.043052 0.623467 0.024146 0.095666
0 0.043964 0.838512 0.024146 0.095666
1 0.161276 0.161488 0.220501 0.205233
2 0.385877 0.165985 0.219590 0.209321
3 0.612073 0.177433 0.220957 0.225675
4 0.837358 0.176615 0.223235 0.227310
5 0.163098 0.390842 0.223235 0.189697
6 0.387472 0.395748 0.216401 0.196239
7 0.611390 0.418234 0.222323 0.239575
8 0.836902 0.417825 0.224146 0.235487
9 0.163098 0.625102 0.221412 0.228128
10 0.386560 0.631235 0.220957 0.240392
11 0.612528 0.635323 0.221868 0.230581
12 0.840774 0.643908 0.230068 0.213410
