0 0.042369 0.157809 0.030979 0.089943
0 0.044191 0.391660 0.030979 0.089943
0 0.042825 0.620605 0.030979 0.089943
0 0.043280 0.836468 0.030979 0.089943
1 0.160820 0.161488 0.221412 0.185609
2 0.386560 0.164350 0.220957 0.199509
3 0.610934 0.165985 0.221412 0.201145
4 0.838497 0.152494 0.225513 0.170891
5 0.161048 0.385119 0.220957 0.181521
6 0.384738 0.390025 0.218223 0.191333
7 0.612073 0.423957 0.220957 0.255928
8 0.846014 0.353230 0.244191 0.237122
9 0.161959 0.615290 0.223690 0.198692
10 0.386560 0.616517 0.220957 0.197874
11 0.612073 0.670891 0.219134 0.242845
12 0.845330 0.604661 0.239180 0.277187
