0 0.043736 0.130178 0.026424 0.086221
0 0.045558 0.370245 0.026424 0.086221
0 0.044647 0.603550 0.026424 0.086221
0 0.043736 0.830093 0.026424 0.086221
1 0.162415 0.142857 0.220046 0.152156
2 0.387472 0.152156 0.219134 0.175824
3 0.612301 0.164835 0.217768 0.196112
4 0.838041 0.166948 0.226424 0.203719
5 0.162642 0.364328 0.217768 0.196112
6 0.387472 0.366019 0.219134 0.206255
7 0.611390 0.404903 0.222323 0.231615
8 0.838724 0.404903 0.225968 0.234996
9 0.163326 0.606932 0.220957 0.197802
10 0.387016 0.634404 0.222779 0.212172
11 0.611390 0.637785 0.222323 0.213863
12 0.838497 0.638208 0.230068 0.216399
