0 0.040924 0.124681 0.028807 0.089362
0 0.040009 0.367234 0.028807 0.089362
0 0.040466 0.610638 0.028807 0.089362
0 0.040466 0.829362 0.028807 0.089362
1 0.157522 0.135319 0.221765 0.148085
2 0.382030 0.152766 0.214449 0.182979
3 0.608825 0.166809 0.220850 0.217872
4 0.840649 0.133191 0.236397 0.262979
5 0.158893 0.381702 0.220850 0.174468
6 0.384316 0.377021 0.222679 0.190638
7 0.610882 0.409362 0.218564 0.263830
8 0.839963 0.362979 0.224051 0.240851
9 0.158893 0.620851 0.220850 0.213617
10 0.385460 0.621702 0.221308 0.211915
11 0.609739 0.646809 0.220850 0.248511
12 0.836991 0.619149 0.227252 0.213617
