0 0.042141 0.155356 0.029613 0.089943
0 0.043508 0.386754 0.029613 0.089943
0 0.043508 0.622240 0.029613 0.089943
0 0.041686 0.837285 0.029613 0.089943
1 0.161503 0.157400 0.221868 0.185609
2 0.387472 0.167621 0.219134 0.197874
3 0.610478 0.169665 0.222323 0.210139
4 0.839863 0.171300 0.228246 0.213410
5 0.161959 0.403925 0.223690 0.163532
6 0.386560 0.403516 0.219134 0.167621
7 0.612528 0.419869 0.221868 0.192150
8 0.839863 0.419869 0.223690 0.190515
9 0.162187 0.627964 0.221412 0.170074
10 0.387016 0.633688 0.218223 0.163532
11 0.613667 0.632461 0.222323 0.152903
12 0.839863 0.629599 0.228246 0.163532
