0 0.047067 0.160670 0.027740 0.087490
0 0.045248 0.390433 0.027740 0.087490
0 0.046157 0.620196 0.027740 0.087490
0 0.044793 0.837694 0.027740 0.087490
1 0.162347 0.173753 0.221919 0.169256
2 0.387676 0.177433 0.218736 0.176615
3 0.613006 0.179068 0.218281 0.173344
4 0.845157 0.142682 0.228740 0.267375
5 0.163938 0.387163 0.218736 0.193786
6 0.387221 0.390433 0.216917 0.195421
7 0.612779 0.453802 0.220555 0.251840
8 0.845157 0.415781 0.235107 0.259199
9 0.163256 0.622240 0.221919 0.214227
10 0.387221 0.628373 0.219645 0.229763
11 0.611414 0.664759 0.215098 0.191333
12 0.842428 0.656991 0.229650 0.195421
