0 0.044875 0.098863 0.024146 0.087489
0 0.044419 0.348206 0.024146 0.087489
0 0.043508 0.594051 0.024146 0.087489
0 0.043964 0.819773 0.024146 0.087489
1 0.160592 0.118985 0.220046 0.173228
2 0.386560 0.122922 0.216401 0.184602
3 0.610478 0.132546 0.215945 0.196850
4 0.840774 0.137358 0.230068 0.204724
5 0.162187 0.346894 0.221412 0.210849
6 0.386560 0.366579 0.216401 0.176728
7 0.610934 0.384952 0.220501 0.283465
8 0.844191 0.383640 0.243280 0.287839
9 0.162187 0.611111 0.221412 0.189851
10 0.388383 0.621172 0.220046 0.209974
11 0.610478 0.621172 0.219590 0.213473
12 0.841002 0.618985 0.232346 0.205599
