0 0.045703 0.123410 0.026830 0.082273
0 0.046612 0.365988 0.026830 0.082273
0 0.044793 0.608567 0.026830 0.082273
0 0.045248 0.824003 0.026830 0.082273
1 0.163483 0.144614 0.219645 0.175573
2 0.387676 0.144614 0.218736 0.172180
3 0.613461 0.167515 0.220100 0.209500
4 0.840382 0.166667 0.225557 0.211196
5 0.163256 0.370653 0.219191 0.205259
6 0.386085 0.371925 0.215553 0.201018
7 0.613006 0.393130 0.224648 0.238338
8 0.839472 0.393978 0.227376 0.245123
9 0.163711 0.604326 0.222829 0.204411
10 0.387221 0.612383 0.222374 0.213740
11 0.612324 0.619593 0.221464 0.211196
12 0.841519 0.624682 0.229650 0.212892
