0 0.968618 0.090095 0.033633 0.099052
0 0.972060 0.339831 0.033633 0.099052
0 0.968353 0.585353 0.033633 0.099052
0 0.971001 0.840358 0.033633 0.099052
1 0.137579 0.108535 0.229608 0.108535
2 0.369703 0.118019 0.229873 0.130664
3 0.601033 0.124078 0.231197 0.136459
4 0.832760 0.110116 0.229078 0.102213
5 0.135593 0.346417 0.228814 0.103793
6 0.370498 0.352740 0.229873 0.091149
7 0.601430 0.395416 0.230403 0.170179
8 0.836600 0.363014 0.235169 0.099052
9 0.137182 0.599842 0.230403 0.080611
10 0.369703 0.601423 0.233051 0.090095
11 0.600238 0.604057 0.229608 0.106955
12 0.834349 0.604584 0.232256 0.108008
