0 0.042903 0.153086 0.031036 0.087243
0 0.039708 0.386008 0.031036 0.087243
0 0.040164 0.619753 0.031036 0.087243
0 0.040621 0.832922 0.031036 0.087243
1 0.160657 0.150617 0.218165 0.184362
2 0.386125 0.158436 0.217252 0.201646
3 0.609995 0.163786 0.219534 0.210700
4 0.840256 0.165021 0.228206 0.214815
5 0.158832 0.386008 0.222729 0.202469
6 0.384984 0.391358 0.216796 0.208230
7 0.609539 0.394239 0.222273 0.215638
8 0.839571 0.398354 0.230488 0.218930
9 0.160201 0.626749 0.219078 0.162140
10 0.386353 0.636214 0.219534 0.176132
11 0.611136 0.640741 0.217252 0.178601
12 0.840484 0.643210 0.233227 0.190123
