0 0.046157 0.127226 0.029559 0.091603
0 0.045248 0.368109 0.029559 0.091603
0 0.044338 0.604750 0.029559 0.091603
0 0.045248 0.830365 0.029559 0.091603
1 0.162801 0.140797 0.221010 0.200170
2 0.388358 0.144614 0.220100 0.241730
3 0.612324 0.150975 0.216917 0.257846
4 0.840382 0.146735 0.227376 0.242578
5 0.164393 0.383800 0.221464 0.185751
6 0.387221 0.381255 0.219645 0.223070
7 0.614370 0.396098 0.217372 0.247668
8 0.840837 0.389313 0.228286 0.217133
9 0.163029 0.622561 0.219645 0.208651
10 0.389495 0.617048 0.217826 0.202714
11 0.612551 0.634012 0.223738 0.236641
12 0.840155 0.631043 0.225102 0.245971
