0 0.044566 0.130581 0.030923 0.092671
0 0.046839 0.365628 0.030923 0.092671
0 0.045020 0.606571 0.030923 0.092671
0 0.046385 0.822241 0.030923 0.092671
1 0.163256 0.129318 0.219191 0.181129
2 0.387676 0.136057 0.218736 0.189553
3 0.612096 0.141533 0.217372 0.197136
4 0.840382 0.140691 0.231924 0.203875
5 0.163256 0.366891 0.220100 0.191238
6 0.388358 0.372367 0.215553 0.202190
7 0.612324 0.406487 0.219645 0.265375
8 0.844247 0.405644 0.233288 0.265375
9 0.163256 0.621735 0.221919 0.240944
10 0.387221 0.621314 0.217826 0.238416
11 0.612096 0.639848 0.217372 0.211457
12 0.841974 0.639006 0.233288 0.209773
