0 0.043359 0.131402 0.030123 0.086482
0 0.042446 0.375735 0.030123 0.086482
0 0.042446 0.607473 0.030123 0.086482
0 0.043359 0.829135 0.030123 0.086482
1 0.159744 0.152813 0.219991 0.186398
2 0.385212 0.160789 0.219078 0.190596
3 0.610680 0.164568 0.219991 0.189757
4 0.842081 0.165827 0.233683 0.183879
5 0.159744 0.373636 0.219991 0.199832
6 0.386125 0.377414 0.221817 0.198992
7 0.612049 0.409320 0.219078 0.257767
8 0.841853 0.411839 0.230488 0.257767
9 0.160201 0.617128 0.219078 0.186398
10 0.386810 0.623846 0.218622 0.186398
11 0.611593 0.623846 0.219991 0.194794
12 0.842538 0.622586 0.232770 0.188917
