0 0.045703 0.152675 0.024102 0.088066
0 0.044793 0.383951 0.024102 0.088066
0 0.045248 0.618519 0.024102 0.088066
0 0.045248 0.834979 0.024102 0.088066
1 0.164393 0.158848 0.219645 0.164609
2 0.389268 0.177366 0.217372 0.191770
3 0.612779 0.181070 0.218736 0.202469
4 0.842428 0.181481 0.229650 0.195062
5 0.162574 0.383128 0.223283 0.193416
6 0.386085 0.386008 0.215553 0.194239
7 0.612324 0.443621 0.221464 0.309465
8 0.840609 0.404527 0.229650 0.234568
9 0.163256 0.618930 0.215553 0.194239
10 0.389268 0.633333 0.217372 0.178601
11 0.612779 0.664198 0.218736 0.151440
12 0.841064 0.648560 0.228740 0.192593
