0 0.046157 0.106864 0.027740 0.086881
0 0.045248 0.350999 0.027740 0.086881
0 0.045248 0.597741 0.027740 0.086881
0 0.046157 0.824500 0.027740 0.086881
1 0.161664 0.121633 0.220555 0.166811
2 0.388358 0.124674 0.219191 0.178106
3 0.612324 0.128149 0.216917 0.179844
4 0.843338 0.139010 0.230559 0.191138
5 0.163711 0.361859 0.221010 0.183319
6 0.387221 0.366203 0.216917 0.186794
7 0.613233 0.376629 0.219645 0.207646
8 0.845612 0.378367 0.235107 0.207646
9 0.162119 0.601651 0.217826 0.190269
10 0.389268 0.609904 0.217372 0.203301
11 0.613233 0.606429 0.219645 0.222415
12 0.842656 0.612076 0.231924 0.225022
