0 0.046667 0.182347 0.030303 0.077167
0 0.048485 0.406448 0.030303 0.077167
0 0.046061 0.627378 0.030303 0.077167
0 0.047879 0.837738 0.030303 0.077167
1 0.162424 0.196089 0.224242 0.138478
2 0.389091 0.202431 0.219394 0.121564
3 0.613030 0.225159 0.217576 0.073996
4 0.838485 0.211416 0.222424 0.101480
5 0.162424 0.423362 0.223030 0.113108
6 0.391212 0.447674 0.220000 0.083510
7 0.613333 0.456660 0.216970 0.105708
8 0.839394 0.441332 0.225455 0.104651
9 0.163939 0.655920 0.223636 0.117336
10 0.389091 0.660148 0.218182 0.091966
11 0.613939 0.668605 0.220606 0.079281
12 0.839091 0.669662 0.223636 0.089852
