0 0.045930 0.156276 0.029104 0.086136
0 0.046157 0.387203 0.025921 0.091879
0 0.047067 0.621001 0.025921 0.091879
0 0.045248 0.837572 0.025921 0.091879
1 0.162574 0.166530 0.220555 0.182116
2 0.386085 0.185398 0.215553 0.211649
3 0.611187 0.190320 0.221919 0.254307
4 0.845384 0.176784 0.239200 0.294504
5 0.163938 0.388433 0.218736 0.194422
6 0.386539 0.401969 0.216462 0.219852
7 0.613006 0.431091 0.218281 0.250205
8 0.845384 0.422067 0.239200 0.242002
9 0.162119 0.632486 0.219645 0.229696
10 0.386539 0.634537 0.218281 0.238720
11 0.610277 0.632486 0.221919 0.249385
12 0.846294 0.650943 0.243747 0.214110
