0 0.043720 0.390386 0.027759 0.058401
0 0.046495 0.557502 0.027759 0.058401
0 0.045108 0.727314 0.027759 0.058401
0 0.045802 0.879155 0.027759 0.058401
1 0.162387 0.397574 0.219292 0.135669
2 0.384455 0.396676 0.224844 0.139263
3 0.612769 0.398922 0.219292 0.134771
4 0.840042 0.409254 0.229702 0.155436
5 0.163081 0.572327 0.220680 0.122192
6 0.387578 0.570081 0.221374 0.115903
7 0.612075 0.576370 0.220680 0.128482
8 0.839001 0.563342 0.230396 0.158131
9 0.164816 0.745283 0.221374 0.150045
10 0.386537 0.742588 0.222068 0.146451
11 0.610687 0.743486 0.222068 0.146451
12 0.841430 0.728661 0.236641 0.179695
