0 0.166019 0.423854 0.021359 0.042735
0 0.167314 0.540404 0.021359 0.042735
0 0.164725 0.655400 0.021359 0.042735
0 0.167961 0.758741 0.021359 0.042735
1 0.254693 0.433566 0.162460 0.097902
2 0.418123 0.437063 0.164401 0.104895
3 0.583819 0.439782 0.161812 0.110334
4 0.755340 0.441725 0.181230 0.117327
5 0.254045 0.550505 0.163754 0.095571
6 0.416181 0.556333 0.164401 0.111888
7 0.582524 0.552836 0.166990 0.109557
8 0.757282 0.552059 0.177346 0.115773
9 0.255663 0.665890 0.161812 0.088578
10 0.419417 0.668221 0.161812 0.105672
11 0.582524 0.669386 0.163107 0.117327
12 0.753074 0.670552 0.177994 0.119658
