0 0.048701 0.393277 0.032468 0.062185
0 0.046104 0.564706 0.032468 0.062185
0 0.048052 0.729412 0.032468 0.062185
0 0.045455 0.883193 0.032468 0.062185
1 0.161039 0.408403 0.218182 0.147899
2 0.387662 0.412605 0.218182 0.147899
3 0.612338 0.407563 0.218182 0.147899
4 0.836364 0.405882 0.218182 0.147899
5 0.163312 0.575630 0.224026 0.115966
6 0.387662 0.574790 0.222078 0.115966
7 0.611364 0.595378 0.220130 0.153782
8 0.838636 0.591597 0.226623 0.149580
9 0.162987 0.738235 0.219481 0.128571
10 0.388636 0.745378 0.218831 0.142857
11 0.612338 0.752521 0.219481 0.157143
12 0.838636 0.750000 0.229221 0.160504
