0 0.116262 0.414162 0.023106 0.045998
0 0.115677 0.548895 0.023106 0.045998
0 0.115092 0.685440 0.023106 0.045998
0 0.115385 0.806049 0.023106 0.045998
1 0.214683 0.420500 0.180755 0.099239
2 0.406990 0.423216 0.186897 0.112640
3 0.595057 0.427562 0.187482 0.119160
4 0.784294 0.423760 0.190992 0.139804
5 0.215560 0.556320 0.187774 0.099964
6 0.406113 0.562296 0.186897 0.107570
7 0.594180 0.568091 0.190992 0.121333
8 0.788096 0.564288 0.193331 0.131112
9 0.215560 0.694314 0.187774 0.111554
10 0.405235 0.697573 0.186897 0.120246
11 0.596227 0.700290 0.185142 0.125679
12 0.789705 0.702825 0.195379 0.128577
