0 0.045812 0.391566 0.030064 0.063948
0 0.045812 0.563021 0.030064 0.063948
0 0.046528 0.726135 0.030064 0.063948
0 0.045097 0.882762 0.030064 0.063948
1 0.164281 0.412419 0.222620 0.127896
2 0.387974 0.413809 0.224767 0.132530
3 0.613099 0.415199 0.221188 0.127896
4 0.846099 0.367006 0.240515 0.215014
5 0.163923 0.566265 0.221904 0.129750
6 0.388332 0.573679 0.224052 0.151993
7 0.610952 0.580167 0.221188 0.177943
8 0.843593 0.551900 0.235505 0.186284
9 0.163565 0.739574 0.218325 0.176089
10 0.387616 0.738184 0.228346 0.175162
11 0.614173 0.745134 0.220472 0.196478
12 0.843593 0.744671 0.242663 0.208526
