0 0.113620 0.413462 0.023994 0.055944
0 0.115737 0.551573 0.023994 0.055944
0 0.116443 0.682692 0.023994 0.055944
0 0.115032 0.805944 0.023994 0.055944
1 0.214538 0.428759 0.190543 0.112762
2 0.405434 0.428759 0.187015 0.114510
3 0.594213 0.434003 0.182075 0.116259
4 0.787932 0.435315 0.195483 0.120629
5 0.217361 0.560752 0.184898 0.102273
6 0.405434 0.567308 0.187015 0.111888
7 0.594919 0.572552 0.184898 0.118881
8 0.788285 0.577360 0.196189 0.128497
9 0.217008 0.693182 0.187015 0.099650
10 0.405081 0.695367 0.186309 0.105769
11 0.593155 0.690997 0.184192 0.098776
12 0.791814 0.694930 0.203246 0.096154
