0 0.046693 0.390797 0.030421 0.062729
0 0.045985 0.560211 0.030421 0.062729
0 0.045985 0.728709 0.030421 0.062729
0 0.047046 0.879808 0.030421 0.062729
1 0.162186 0.400870 0.218960 0.119505
2 0.386452 0.409341 0.214715 0.131868
3 0.609303 0.406593 0.214715 0.131868
4 0.833923 0.397436 0.214715 0.131868
5 0.163955 0.576007 0.220375 0.124542
6 0.387690 0.577610 0.217191 0.129579
7 0.611072 0.587683 0.221082 0.147894
8 0.841351 0.583791 0.233109 0.163919
9 0.166785 0.748397 0.223205 0.167125
10 0.390520 0.753892 0.216484 0.173535
11 0.611426 0.754350 0.218960 0.168040
12 0.842589 0.759158 0.232048 0.175824
