0 0.046825 0.390302 0.026953 0.061502
0 0.049109 0.562389 0.026953 0.061502
0 0.047282 0.726789 0.026953 0.061502
0 0.046368 0.879361 0.026953 0.061502
1 0.163317 0.402720 0.222476 0.143111
2 0.389447 0.405677 0.222476 0.143111
3 0.612837 0.406860 0.222476 0.143111
4 0.836683 0.405677 0.222476 0.143111
5 0.164687 0.558841 0.222476 0.143111
6 0.388534 0.558841 0.222476 0.143111
7 0.611466 0.575991 0.222476 0.143111
8 0.835770 0.570668 0.222476 0.143111
9 0.164459 0.740686 0.218365 0.127144
10 0.386935 0.740686 0.218365 0.127144
11 0.609411 0.747191 0.218365 0.127144
12 0.836455 0.737138 0.218365 0.127144
