0 0.046667 0.123869 0.026667 0.080317
0 0.048485 0.367081 0.026667 0.080317
0 0.046667 0.606900 0.026667 0.080317
0 0.047273 0.826357 0.026667 0.080317
1 0.163030 0.114253 0.225455 0.187783
2 0.389697 0.159502 0.216970 0.151584
3 0.613030 0.179299 0.222424 0.091629
4 0.838182 0.165158 0.221818 0.138009
5 0.164242 0.390271 0.220606 0.140271
6 0.391212 0.391968 0.220000 0.118778
7 0.615152 0.416855 0.221818 0.121041
8 0.837879 0.375000 0.226061 0.150452
9 0.166970 0.657240 0.224848 0.185520
10 0.390606 0.631787 0.221212 0.141403
11 0.613939 0.661199 0.220606 0.141403
12 0.839091 0.616516 0.226061 0.162896
