0 0.167794 0.429068 0.024477 0.047159
0 0.167150 0.543487 0.024477 0.047159
0 0.167472 0.654426 0.024477 0.047159
0 0.168760 0.757634 0.024477 0.047159
1 0.253140 0.438539 0.158454 0.100889
2 0.418519 0.439312 0.161997 0.106301
3 0.580515 0.439698 0.158132 0.114032
4 0.750081 0.440278 0.179066 0.112872
5 0.252174 0.547159 0.158454 0.094704
6 0.417230 0.553537 0.159420 0.111326
7 0.582770 0.554117 0.164573 0.117124
8 0.752657 0.555663 0.170048 0.122536
9 0.253623 0.659258 0.164573 0.095477
10 0.418519 0.679165 0.160064 0.079629
11 0.581481 0.673753 0.160064 0.085814
12 0.748631 0.674333 0.167150 0.095477
