0 0.046082 0.392857 0.028213 0.056818
0 0.046708 0.560065 0.028213 0.056818
0 0.045455 0.726461 0.028213 0.056818
0 0.046082 0.879870 0.028213 0.056818
1 0.163636 0.392451 0.218182 0.132305
2 0.388088 0.398133 0.225705 0.145292
3 0.611285 0.401786 0.214420 0.146104
4 0.836677 0.405438 0.235110 0.151786
5 0.165204 0.573458 0.220063 0.130682
6 0.388088 0.574675 0.220690 0.131494
7 0.613480 0.585227 0.216301 0.147727
8 0.844201 0.590097 0.240125 0.154221
9 0.165517 0.724838 0.221944 0.142857
10 0.390282 0.728896 0.217555 0.142857
11 0.612539 0.732549 0.219436 0.143669
12 0.840752 0.732955 0.231975 0.147727
