0 0.048015 0.393035 0.029449 0.063018
0 0.048656 0.558872 0.028169 0.056385
0 0.045455 0.724710 0.032010 0.066335
0 0.044814 0.876451 0.030730 0.064677
1 0.163892 0.405473 0.220230 0.127695
2 0.388604 0.413765 0.218950 0.140962
3 0.611396 0.418740 0.221511 0.150912
4 0.843790 0.412106 0.227913 0.150912
5 0.163252 0.573798 0.221511 0.126036
6 0.389245 0.579602 0.220230 0.117745
7 0.611396 0.587894 0.221511 0.167496
8 0.843150 0.582919 0.236876 0.164179
9 0.163252 0.738806 0.221511 0.127695
10 0.389245 0.742123 0.220230 0.150912
11 0.610755 0.752073 0.220230 0.127695
12 0.838028 0.755390 0.231754 0.144279
