0 0.046312 0.389845 0.029160 0.063818
0 0.045455 0.560211 0.029160 0.063818
0 0.045455 0.728912 0.029160 0.063818
0 0.045455 0.882075 0.029160 0.063818
1 0.161449 0.404828 0.219125 0.151498
2 0.389365 0.402608 0.216981 0.151498
3 0.612136 0.412875 0.219983 0.169811
4 0.843053 0.400111 0.253002 0.199778
5 0.164237 0.574084 0.222127 0.124861
6 0.387221 0.581021 0.217839 0.140954
7 0.611707 0.586293 0.219125 0.147059
8 0.841767 0.587680 0.239280 0.163152
9 0.163808 0.727802 0.219554 0.145949
10 0.387007 0.729190 0.223413 0.159822
11 0.612564 0.734739 0.220840 0.200888
12 0.842624 0.741398 0.237564 0.193119
