0 0.045475 0.129755 0.024557 0.080304
0 0.045930 0.367287 0.024557 0.080304
0 0.045020 0.609045 0.024557 0.080304
0 0.045475 0.827980 0.024557 0.080304
1 0.165302 0.157227 0.219645 0.133559
2 0.388358 0.163145 0.219191 0.138631
3 0.612779 0.161031 0.218736 0.125951
4 0.838790 0.160186 0.224193 0.115807
5 0.167121 0.396450 0.220555 0.121724
6 0.388131 0.411243 0.219645 0.087067
7 0.613006 0.429839 0.222829 0.119189
8 0.837881 0.409552 0.225102 0.087067
9 0.165302 0.648352 0.219645 0.091293
10 0.389268 0.653423 0.221919 0.064243
11 0.610960 0.648774 0.220555 0.095520
12 0.837199 0.650888 0.222829 0.094675
