0 0.112999 0.412482 0.023256 0.053914
0 0.117174 0.549114 0.023256 0.053914
0 0.115981 0.683530 0.023256 0.053914
0 0.116577 0.806869 0.023256 0.053914
1 0.211688 0.409897 0.193202 0.107829
2 0.404592 0.415066 0.186643 0.112260
3 0.594514 0.417282 0.186047 0.116691
4 0.787716 0.417651 0.193202 0.118907
5 0.216160 0.560931 0.184258 0.104136
6 0.403995 0.563885 0.186643 0.105613
7 0.593918 0.565731 0.188432 0.110783
8 0.787716 0.565731 0.189624 0.109306
9 0.214967 0.686484 0.184258 0.102659
10 0.404592 0.694609 0.186643 0.112999
11 0.594812 0.699409 0.186643 0.122600
12 0.790698 0.703840 0.197973 0.128508
