0 0.046364 0.394824 0.027273 0.062118
0 0.046364 0.560000 0.027273 0.062118
0 0.047818 0.729882 0.027273 0.062118
0 0.046364 0.880941 0.027273 0.062118
1 0.164364 0.402353 0.218909 0.128000
2 0.388000 0.403294 0.219636 0.141176
3 0.611091 0.404941 0.220000 0.151059
4 0.840909 0.410353 0.234545 0.165647
5 0.163091 0.563059 0.221455 0.129412
6 0.389273 0.567529 0.222182 0.148706
7 0.611455 0.588941 0.222182 0.198118
8 0.836727 0.586353 0.223273 0.181647
9 0.164364 0.728471 0.224000 0.143059
10 0.388364 0.732471 0.222545 0.152941
11 0.611091 0.738118 0.222909 0.136941
12 0.841273 0.743059 0.233818 0.150588
