0 0.046735 0.389718 0.029449 0.063018
0 0.046735 0.556385 0.029449 0.061360
0 0.046095 0.723881 0.033291 0.058043
0 0.046095 0.883085 0.025608 0.064677
1 0.161972 0.403814 0.224072 0.117745
2 0.386044 0.407960 0.224072 0.126036
3 0.612676 0.408789 0.221511 0.131012
4 0.841229 0.408789 0.233035 0.131012
5 0.165173 0.565506 0.220230 0.126036
6 0.386684 0.566335 0.222791 0.124378
7 0.610755 0.572139 0.220230 0.129353
8 0.842510 0.572139 0.238156 0.152570
9 0.163252 0.732172 0.221511 0.147595
10 0.389245 0.736318 0.220230 0.162521
11 0.612036 0.743781 0.222791 0.170813
12 0.843790 0.744610 0.233035 0.172471
