0 0.166667 0.429524 0.020635 0.041905
0 0.167063 0.539048 0.021429 0.045714
0 0.166667 0.652381 0.022222 0.041905
0 0.167460 0.758571 0.023810 0.040952
1 0.252381 0.430476 0.161905 0.104762
2 0.417857 0.435714 0.164286 0.124762
3 0.581349 0.434762 0.162698 0.124762
4 0.748016 0.432381 0.165873 0.121905
5 0.251984 0.548571 0.162698 0.089524
6 0.417063 0.551429 0.161111 0.095238
7 0.582937 0.550952 0.164286 0.096190
8 0.748810 0.545238 0.170635 0.092381
9 0.252778 0.661429 0.162698 0.098095
10 0.419048 0.668095 0.165079 0.103810
11 0.582143 0.667143 0.161111 0.101905
12 0.753571 0.666667 0.175397 0.097143
