0 0.046034 0.390930 0.028373 0.059220
0 0.046034 0.558096 0.028373 0.059220
0 0.046034 0.725262 0.028373 0.059220
0 0.046613 0.879685 0.028373 0.059220
1 0.163578 0.398426 0.221772 0.119190
2 0.387956 0.407046 0.220035 0.137931
3 0.613492 0.409295 0.221772 0.149925
4 0.843370 0.376687 0.226404 0.185157
5 0.164447 0.571589 0.216561 0.125187
6 0.385929 0.567091 0.218298 0.132684
7 0.612334 0.566342 0.222930 0.135682
8 0.842791 0.543103 0.236827 0.177661
9 0.162999 0.730885 0.224088 0.130435
10 0.386508 0.734258 0.220614 0.144678
11 0.612334 0.729010 0.222930 0.155172
12 0.843660 0.732384 0.235090 0.158921
