0 0.116358 0.413752 0.022395 0.048251
0 0.116358 0.548854 0.024343 0.048251
0 0.116358 0.679735 0.026290 0.059107
0 0.115871 0.806996 0.023369 0.053076
1 0.214703 0.417973 0.187926 0.124246
2 0.403603 0.421592 0.187926 0.124246
3 0.594450 0.417973 0.187926 0.124246
4 0.785297 0.419180 0.187926 0.124246
5 0.215677 0.553076 0.184031 0.104946
6 0.406037 0.556092 0.183057 0.106152
7 0.594937 0.560314 0.185005 0.104946
8 0.785784 0.545235 0.200584 0.132690
9 0.216650 0.694813 0.185979 0.115802
10 0.406037 0.702051 0.185005 0.125452
11 0.593963 0.704463 0.186952 0.130277
12 0.787244 0.683353 0.193768 0.138721
