0 0.046373 0.395998 0.029079 0.064580
0 0.046679 0.563193 0.029079 0.064580
0 0.046985 0.728407 0.029079 0.064580
0 0.047291 0.884113 0.029079 0.064580
1 0.162687 0.404517 0.224977 0.118067
2 0.387205 0.409271 0.219161 0.118859
3 0.613560 0.412639 0.224977 0.123217
4 0.844200 0.398772 0.238139 0.159667
5 0.164983 0.566759 0.221610 0.123217
6 0.388889 0.573296 0.217631 0.142631
7 0.612335 0.573891 0.222528 0.147781
8 0.842975 0.567155 0.235690 0.169176
9 0.164677 0.723257 0.224059 0.144612
10 0.387971 0.722662 0.217631 0.145800
11 0.612182 0.721474 0.220998 0.160856
12 0.845424 0.729992 0.242424 0.169176
