0 0.047226 0.392966 0.030697 0.064220
0 0.045455 0.558869 0.031877 0.056575
0 0.045455 0.725535 0.029516 0.059633
0 0.046635 0.879205 0.027155 0.061162
1 0.164699 0.403670 0.225502 0.103976
2 0.389020 0.403670 0.223140 0.155963
3 0.613341 0.417431 0.220779 0.201835
4 0.842385 0.421254 0.223140 0.215596
5 0.164109 0.584098 0.219599 0.125382
6 0.389020 0.589450 0.220779 0.136086
7 0.612161 0.590979 0.220779 0.142202
8 0.841795 0.589450 0.233766 0.157492
9 0.165289 0.741590 0.217237 0.128440
10 0.389020 0.749235 0.223140 0.143731
11 0.610390 0.746942 0.221960 0.148318
12 0.841204 0.749235 0.234947 0.143731
