0 0.047548 0.394350 0.031699 0.065789
0 0.046352 0.563080 0.031699 0.065789
0 0.045754 0.730263 0.031699 0.065789
0 0.047548 0.883514 0.031699 0.065789
1 0.163278 0.392028 0.218900 0.124613
2 0.386364 0.402477 0.224880 0.147059
3 0.612739 0.406347 0.221890 0.150155
4 0.833433 0.378870 0.231459 0.202012
5 0.166866 0.563080 0.222488 0.146285
6 0.390251 0.567724 0.220694 0.158669
7 0.612739 0.568498 0.221890 0.158669
8 0.844498 0.563854 0.244019 0.177245
9 0.165072 0.738390 0.221292 0.167183
10 0.390550 0.738390 0.221292 0.167183
11 0.612141 0.739938 0.220694 0.174923
12 0.846292 0.740325 0.252392 0.174149
