0 0.115385 0.413004 0.023669 0.045788
0 0.113905 0.549451 0.026627 0.051282
0 0.116124 0.684066 0.025148 0.053114
0 0.116124 0.808608 0.025148 0.049451
1 0.215237 0.424908 0.187870 0.102564
2 0.405325 0.425824 0.186391 0.100733
3 0.596154 0.429487 0.189349 0.111722
4 0.790680 0.431319 0.193787 0.119048
5 0.215237 0.561355 0.187870 0.089744
6 0.404586 0.567766 0.187870 0.098901
7 0.595414 0.567766 0.187870 0.102564
8 0.791420 0.568681 0.198225 0.100733
9 0.215976 0.687729 0.183432 0.111722
10 0.405325 0.690476 0.189349 0.113553
11 0.593935 0.689560 0.184911 0.111722
12 0.787722 0.688645 0.202663 0.113553
