0 0.044215 0.395187 0.028099 0.055615
0 0.047521 0.559893 0.028099 0.055615
0 0.045868 0.728877 0.028099 0.055615
0 0.046694 0.877540 0.028099 0.055615
1 0.162397 0.400000 0.216529 0.110160
2 0.388843 0.403743 0.226446 0.124064
3 0.613636 0.408021 0.216529 0.130481
4 0.839669 0.424599 0.232231 0.161497
5 0.164463 0.593048 0.220661 0.177540
6 0.389669 0.593048 0.221488 0.186096
7 0.615702 0.601604 0.223967 0.201070
8 0.845455 0.602674 0.237190 0.201070
9 0.164463 0.773797 0.219008 0.175401
10 0.389669 0.771123 0.223140 0.185027
11 0.615289 0.774866 0.224793 0.179679
12 0.843802 0.780214 0.233884 0.177540
