0 0.045455 0.395294 0.029091 0.061176
0 0.047273 0.558824 0.029091 0.061176
0 0.045455 0.729412 0.029091 0.061176
0 0.045455 0.878824 0.029091 0.061176
1 0.165909 0.406471 0.220909 0.114118
2 0.388636 0.410000 0.222727 0.121176
3 0.612727 0.405882 0.218182 0.122353
4 0.842273 0.405882 0.239091 0.122353
5 0.164545 0.570588 0.221818 0.112941
6 0.387727 0.571765 0.220909 0.120000
7 0.610909 0.571176 0.223636 0.118824
8 0.847727 0.570000 0.244545 0.123529
9 0.163182 0.734118 0.219091 0.124706
10 0.385455 0.737059 0.220000 0.130588
11 0.610909 0.739412 0.220000 0.135294
12 0.846818 0.745294 0.244545 0.142353
