0 0.046138 0.392920 0.023923 0.063717
0 0.046138 0.561947 0.023923 0.063717
0 0.046138 0.725664 0.023923 0.063717
0 0.046822 0.882301 0.023923 0.063717
1 0.165072 0.400000 0.219412 0.143363
2 0.388585 0.402212 0.219412 0.153097
3 0.611757 0.404425 0.220096 0.155752
4 0.844156 0.409735 0.244703 0.162832
5 0.164046 0.578761 0.217362 0.132743
6 0.387218 0.588053 0.219412 0.146018
7 0.610731 0.585841 0.226247 0.145133
8 0.845523 0.588053 0.243336 0.151327
9 0.163705 0.731858 0.219412 0.130973
10 0.389269 0.735841 0.220779 0.153097
11 0.611757 0.738496 0.220096 0.151327
12 0.837662 0.741593 0.233083 0.150442
