0 0.048583 0.391853 0.030180 0.059552
0 0.046375 0.556694 0.030180 0.059552
0 0.046375 0.728204 0.030180 0.059552
0 0.047111 0.879705 0.030180 0.059552
1 0.163416 0.399952 0.220096 0.116722
2 0.388112 0.407575 0.217519 0.131968
3 0.612808 0.434016 0.226721 0.206765
4 0.840265 0.394235 0.225248 0.170081
5 0.164888 0.589090 0.220832 0.161505
6 0.382959 0.557646 0.207214 0.148166
7 0.613544 0.571701 0.216415 0.141972
8 0.841185 0.559076 0.230033 0.138637
9 0.165072 0.771796 0.218255 0.198190
10 0.389400 0.771320 0.218623 0.199142
11 0.610232 0.767747 0.216415 0.193902
12 0.840265 0.744879 0.234818 0.148166
