0 0.166667 0.427143 0.025850 0.043673
0 0.168707 0.541020 0.025850 0.043673
0 0.166327 0.655306 0.025850 0.043673
0 0.168367 0.759796 0.025850 0.043673
1 0.253571 0.430204 0.162245 0.084898
2 0.417347 0.435714 0.161905 0.097551
3 0.583503 0.442653 0.162925 0.111429
4 0.749320 0.440000 0.167347 0.125714
5 0.253912 0.546939 0.162925 0.084082
6 0.417347 0.552857 0.158503 0.097551
7 0.580272 0.559388 0.158503 0.117143
8 0.748469 0.560816 0.171088 0.105306
9 0.253061 0.663061 0.159184 0.096735
10 0.418197 0.666735 0.160204 0.114694
11 0.582483 0.670000 0.160884 0.100000
12 0.748469 0.661224 0.171088 0.097959
