0 0.046385 0.096137 0.025466 0.083406
0 0.046385 0.343723 0.025466 0.083406
0 0.045020 0.591308 0.025466 0.083406
0 0.045020 0.822212 0.025466 0.083406
1 0.164848 0.102283 0.220555 0.201054
2 0.389040 0.159789 0.218736 0.110623
3 0.613006 0.151010 0.218281 0.094820
4 0.839245 0.138279 0.225102 0.137840
5 0.163711 0.363038 0.218281 0.132572
6 0.387904 0.355575 0.218281 0.161545
7 0.612324 0.403863 0.219645 0.107112
8 0.840382 0.350307 0.227376 0.158033
9 0.163711 0.636962 0.222829 0.218613
10 0.390405 0.636084 0.219645 0.097454
11 0.612324 0.653205 0.217826 0.129939
12 0.838563 0.600966 0.223738 0.162423
