0 0.114975 0.413374 0.031915 0.053698
0 0.115794 0.549139 0.031915 0.053698
0 0.118249 0.683891 0.031915 0.053698
0 0.116612 0.809017 0.031915 0.053698
1 0.212766 0.420466 0.191489 0.113475
2 0.404664 0.422492 0.191489 0.113475
3 0.595336 0.422492 0.191489 0.113475
4 0.781915 0.424519 0.191489 0.113475
5 0.217267 0.562310 0.191489 0.113475
6 0.407119 0.563323 0.191489 0.113475
7 0.591653 0.565856 0.191489 0.113475
8 0.783142 0.574468 0.191489 0.113475
9 0.216448 0.686677 0.193126 0.095745
10 0.407938 0.696809 0.193126 0.095745
11 0.596972 0.700355 0.193126 0.095745
12 0.785188 0.702381 0.193126 0.095745
