0 0.166912 0.426765 0.025000 0.038235
0 0.166912 0.539118 0.025000 0.038235
0 0.168873 0.652647 0.025000 0.038235
0 0.167892 0.757353 0.025000 0.038235
1 0.251961 0.437941 0.168627 0.091176
2 0.418627 0.440294 0.164706 0.099412
3 0.581618 0.440882 0.165196 0.111176
4 0.750735 0.426765 0.173039 0.145294
5 0.252206 0.547647 0.162255 0.091765
6 0.418137 0.549706 0.163725 0.115882
7 0.581127 0.554412 0.164216 0.112353
8 0.754657 0.544412 0.180882 0.128824
9 0.251471 0.660588 0.163725 0.095294
10 0.418627 0.671176 0.164706 0.114118
11 0.582108 0.668529 0.158333 0.121765
12 0.756373 0.670882 0.184314 0.124118
