0 0.046346 0.391455 0.024955 0.057737
0 0.045455 0.563510 0.030303 0.064665
0 0.047237 0.729792 0.030303 0.064665
0 0.046346 0.879908 0.028520 0.064665
1 0.163993 0.401848 0.221034 0.129330
2 0.386809 0.408776 0.221034 0.129330
3 0.609626 0.415704 0.221034 0.129330
4 0.832442 0.420323 0.221034 0.129330
5 0.167558 0.572748 0.224599 0.120092
6 0.389483 0.569284 0.222816 0.113164
7 0.614973 0.580831 0.224599 0.136259
8 0.839572 0.585450 0.224599 0.136259
9 0.165775 0.740185 0.224599 0.136259
10 0.389483 0.741339 0.222816 0.138568
11 0.613191 0.741339 0.221034 0.133949
12 0.843137 0.744804 0.245989 0.136259
