0 0.115674 0.411891 0.026605 0.055874
0 0.116252 0.550143 0.026605 0.055874
0 0.116252 0.685530 0.026605 0.055874
0 0.116831 0.808023 0.026605 0.055874
1 0.216888 0.417622 0.188548 0.110315
2 0.404858 0.418338 0.188548 0.110315
3 0.593407 0.419054 0.188548 0.110315
4 0.783112 0.418338 0.188548 0.110315
5 0.218045 0.570201 0.188548 0.110315
6 0.406015 0.568768 0.188548 0.110315
7 0.593985 0.578797 0.188548 0.110315
8 0.781955 0.586676 0.188548 0.110315
9 0.217467 0.695917 0.187392 0.121060
10 0.405147 0.699499 0.186813 0.123926
11 0.596298 0.713467 0.187392 0.157593
12 0.786293 0.713467 0.189127 0.156160
