0 0.166972 0.428073 0.020795 0.044404
0 0.166361 0.541835 0.020795 0.044404
0 0.166667 0.655596 0.020795 0.044404
0 0.166972 0.758349 0.020795 0.044404
1 0.251835 0.435229 0.163609 0.075596
2 0.418502 0.440734 0.163609 0.075596
3 0.581804 0.440000 0.163609 0.075596
4 0.745719 0.440367 0.163609 0.075596
5 0.252905 0.540917 0.160245 0.084404
6 0.418807 0.547890 0.161162 0.093945
7 0.581957 0.549541 0.158410 0.099450
8 0.753364 0.550642 0.173394 0.099450
9 0.253670 0.660183 0.161774 0.098349
10 0.418349 0.663303 0.162080 0.111193
11 0.581346 0.662752 0.162080 0.114495
12 0.752905 0.664587 0.179817 0.119633
