0 0.166933 0.427017 0.022400 0.044814
0 0.167467 0.540973 0.022400 0.044814
0 0.167467 0.654930 0.022400 0.044814
0 0.167467 0.761204 0.022400 0.044814
1 0.252000 0.433739 0.165867 0.087708
2 0.417867 0.435659 0.165867 0.087708
3 0.583733 0.438220 0.165867 0.087708
4 0.748000 0.442702 0.165867 0.087708
5 0.254133 0.545455 0.163733 0.076825
6 0.418400 0.546735 0.163733 0.076825
7 0.577333 0.549936 0.163733 0.076825
8 0.744267 0.548656 0.163733 0.076825
9 0.253600 0.667093 0.163733 0.076825
10 0.417600 0.668374 0.165333 0.092190
11 0.582667 0.670615 0.162667 0.097951
12 0.753867 0.671255 0.177600 0.105634
