0 0.043280 0.105995 0.025513 0.081668
0 0.043736 0.350999 0.025513 0.081668
0 0.043736 0.599479 0.025513 0.081668
0 0.044191 0.824500 0.025513 0.081668
1 0.161048 0.120765 0.225513 0.135534
2 0.387699 0.151173 0.218679 0.095569
3 0.611162 0.162467 0.220957 0.095569
4 0.837358 0.158123 0.223235 0.145960
5 0.161503 0.368375 0.224601 0.152911
6 0.387927 0.380539 0.220046 0.125109
7 0.610934 0.434405 0.220501 0.182450
8 0.840319 0.369244 0.224601 0.182450
9 0.163098 0.605126 0.223235 0.158992
10 0.388155 0.637272 0.219590 0.082537
11 0.613667 0.659427 0.224146 0.152911
12 0.838041 0.613380 0.226424 0.133797
